30 1000
1 2
2 3
3 4
4 5
5 6
6 7
7 8
8 9
9 10
10 11
11 12
12 13
13 14
14 15
16 17
17 18
18 19
19 20
20 21
21 22
22 23
23 24
24 25
25 26
26 27
27 28
28 29
29 30
11 30
9 30
3 22
3 30
22 9
17 3
5 26
2 18
1 26
4 28
10 29
10 27
16 13
21 8
1 21
25 12
1 26
8 24
22 10
1 18
2 25
26 15
4 23
9 26
2 18
1 25
19 13
9 25
5 23
17 4
19 8
26 14
16 5
7 30
19 9
25 15
7 26
16 10
20 8
5 27
7 24
2 30
9 27
6 22
2 18
2 22
3 26
17 14
26 14
20 13
9 25
18 14
6 30
17 6
18 11
10 27
22 13
8 29
21 10
23 13
17 15
16 5
16 9
16 4
1 17
18 5
24 12
1 25
7 28
22 13
3 25
3 24
18 14
27 14
13 30
4 22
24 10
22 14
19 7
10 30
14 30
6 24
20 7
16 13
7 24
7 28
19 6
3 22
24 10
5 24
3 22
16 5
21 14
10 29
9 27
3 29
22 9
1 29
2 24
18 14
20 8
28 14
6 30
4 22
7 24
5 24
9 27
19 11
9 26
17 10
3 24
21 11
22 8
28 15
17 7
12 29
18 10
23 10
18 8
4 22
22 10
1 17
22 12
17 10
25 11
17 8
2 21
4 29
24 13
22 9
19 14
17 3
3 20
23 11
16 3
4 25
3 29
21 8
26 13
24 14
3 25
18 6
5 23
8 28
8 27
18 15
2 26
10 28
3 24
16 3
17 4
16 3
4 30
17 6
17 4
11 28
21 13
5 25
18 14
28 14
4 27
12 29
20 8
9 26
8 27
17 11
27 14
16 13
16 14
1 19
1 22
8 28
2 20
5 30
4 26
7 27
16 2
16 11
17 9
9 27
6 25
22 12
17 8
5 29
2 28
20 14
1 30
9 27
6 23
16 7
16 15
21 14
17 14
9 28
20 12
5 24
3 20
17 15
17 5
12 28
3 19
2 29
18 14
23 9
18 5
11 30
18 7
6 23
18 7
16 2
1 24
6 23
21 11
17 3
26 12
9 28
22 10
9 27
7 29
16 15
9 29
9 26
24 14
2 27
7 23
8 30
16 6
17 11
3 30
4 28
5 25
20 12
20 9
25 13
10 30
21 8
21 12
2 19
25 13
18 11
22 13
4 20
5 21
22 14
22 15
2 20
22 8
18 11
11 29
18 4
22 9
3 26
6 27
18 6
20 11
7 28
16 14
5 26
1 24
6 22
9 25
8 29
9 28
18 15
10 28
16 3
5 21
18 11
8 29
17 4
21 8
4 25
25 15
14 30
26 12
21 9
19 14
6 25
22 15
1 17
20 8
2 23
6 28
17 11
11 28
23 13
16 9
23 11
1 30
19 11
6 29
18 4
28 15
6 23
9 27
22 12
19 6
18 10
6 22
18 4
8 24
13 30
3 24
18 5
18 11
19 12
19 12
4 23
23 14
20 11
21 11
6 27
3 23
21 9
12 28
17 8
24 14
3 23
27 13
1 20
10 26
28 14
8 30
1 27
24 14
25 12
8 28
4 30
4 29
25 13
21 13
24 13
24 11
1 27
18 13
25 15
4 20
17 12
3 24
2 22
22 8
17 5
1 25
1 21
6 29
3 27
16 9
22 12
23 13
4 22
17 6
12 30
24 11
1 30
25 11
17 9
17 11
10 28
4 20
19 5
22 15
5 29
10 26
2 28
25 14
3 26
1 18
20 12
2 19
19 7
21 9
20 8
1 19
2 25
21 12
9 28
1 19
16 12
2 28
10 30
19 5
20 8
2 28
7 24
23 14
5 25
5 30
2 22
14 30
5 21
2 25
5 27
1 22
4 26
4 28
17 14
5 26
8 27
11 30
4 23
13 29
23 9
9 28
5 26
17 4
4 28
16 4
21 11
6 26
16 13
21 13
9 28
23 15
11 27
17 9
4 27
29 15
1 29
24 12
1 18
23 14
5 27
1 24
1 20
5 30
4 27
11 30
6 22
23 13
3 24
19 14
3 23
27 14
6 23
2 18
16 8
19 11
8 26
22 15
1 24
10 28
11 30
5 25
5 28
17 6
16 12
4 24
18 13
18 9
17 10
16 4
17 9
19 14
19 15
3 24
17 14
18 6
19 12
20 10
21 8
8 29
3 20
12 28
23 11
4 21
17 6
1 23
18 4
20 11
16 10
25 13
2 28
2 28
2 29
3 27
22 12
22 9
16 5
11 27
22 11
21 11
7 26
16 9
11 28
16 5
19 8
1 25
1 21
16 9
23 14
8 29
24 12
22 9
3 22
16 11
10 29
2 24
3 27
21 10
24 15
1 29
3 27
6 22
24 13
2 21
5 25
25 13
2 18
19 15
2 27
3 29
24 12
2 25
18 13
18 8
18 4
3 27
5 27
19 12
13 30
5 24
21 7
19 10
26 14
3 22
9 27
17 11
22 12
24 11
23 11
9 26
8 27
9 25
7 26
20 6
7 28
2 22
3 25
22 15
20 15
6 30
22 11
17 8
2 27
27 15
10 30
18 5
10 26
20 6
1 17
19 10
5 22
22 8
7 26
20 9
16 10
16 4
10 27
24 14
17 12
22 15
7 26
10 26
2 24
4 22
1 19
3 29
3 26
6 24
10 28
18 6
20 15
20 8
2 27
10 30
24 14
16 3
8 26
8 28
2 30
21 13
5 22
1 27
16 2
10 30
2 26
22 11
2 19
1 18
4 25
1 24
2 18
4 28
21 15
2 30
2 26
23 12
21 11
3 27
5 21
14 30
19 9
23 11
17 14
19 15
12 30
3 23
5 28
25 11
21 15
1 18
19 6
28 15
19 9
17 14
1 19
1 27
5 22
7 27
16 14
24 14
5 30
20 8
8 30
22 14
19 9
18 13
6 27
20 14
19 5
24 10
16 15
12 29
21 11
5 26
18 6
10 26
4 26
14 30
26 13
22 15
17 7
8 30
21 7
21 15
4 22
20 7
19 14
1 20
10 28
6 22
9 27
20 10
16 9
25 12
22 8
5 27
16 7
18 9
2 26
13 30
16 12
20 7
7 27
18 4
3 20
23 9
21 10
27 13
5 26
6 25
17 9
17 3
2 28
5 28
20 7
3 21
9 28
22 12
9 30
17 11
18 10
16 3
16 14
13 29
5 24
19 9
13 29
16 6
24 10
28 14
8 27
11 29
18 6
10 26
1 23
18 4
20 11
17 13
21 12
21 10
24 13
25 12
22 15
16 10
19 12
20 14
7 26
12 29
24 12
17 15
18 5
19 5
2 25
13 30
2 26
3 21
8 29
26 14
22 9
19 9
6 29
1 20
1 25
19 10
28 14
4 30
3 30
18 13
5 29
17 3
2 30
6 22
5 23
6 22
8 24
5 28
19 10
12 28
19 9
23 12
17 5
16 7
9 28
19 13
3 22
20 9
7 25
26 15
6 25
13 29
2 27
23 10
16 15
3 30
29 15
24 13
9 30
10 26
1 27
7 28
19 11
8 27
4 27
16 2
5 29
25 13
1 17
11 28
25 15
20 15
21 8
22 9
17 10
4 25
18 7
25 13
16 13
24 13
20 15
9 26
4 28
19 13
19 9
18 9
19 10
24 14
21 14
16 14
5 23
22 12
16 8
24 11
17 6
18 7
16 9
8 24
7 28
17 3
8 30
17 15
7 26
5 25
19 12
4 22
6 30
23 10
20 10
4 20
1 30
8 30
1 19
9 30
25 15
26 14
17 6
17 12
2 30
6 26
20 7
2 21
14 30
6 26
3 20
20 6
18 9
5 26
18 13
24 14
20 11
1 26
17 12
18 5
19 13
17 10
3 30
27 15
25 14
2 26
6 30
22 8
6 24
5 24
17 10
4 23
3 30
3 26
10 27
18 14
5 25
16 10
19 13
18 15
9 27
19 10
2 18
12 29
11 27
13 29
19 12
10 29
22 11
5 26
23 10
18 9
2 26
24 15
6 25
6 28
7 25
18 15
3 27
22 12
1 24
2 21
8 29
20 7
3 29
16 5
19 8
19 13
23 10
2 23
5 24
18 8
10 27
28 15
2 30
5 23
6 27
3 26
6 28
6 26
5 22
4 20
4 27
28 14
20 12
17 5
25 12
23 9
8 30
18 5
19 12
23 9
17 8
6 27
17 15
4 24
6 30
18 7
22 15
8 28
20 15
11 30
7 29
9 27
18 15
21 9
16 3
7 27
10 30
2 18
2 30
18 9
6 25
14 30
5 27
20 13
22 11
18 10
21 9
21 13
9 27
7 24
21 15
3 27
1 21
21 12
17 9
25 14
1 26
20 15
10 26
4 26
16 5
1 30
7 23
5 26
26 15
17 14
29 15
24 11
6 26
10 27
21 10
3 26
10 29
19 5
6 23
4 24
16 13
1 27
1 28
2 30
24 12
2 22
1 19
11 30
20 7
6 24
9 28
