50 1000
1 2
2 3
3 4
4 5
5 6
6 7
7 8
8 9
9 10
10 11
11 12
12 13
13 14
14 15
15 16
16 17
17 18
18 19
19 20
20 21
21 22
22 23
23 24
24 25
26 27
27 28
28 29
29 30
30 31
31 32
32 33
33 34
34 35
35 36
36 37
37 38
38 39
39 40
40 41
41 42
42 43
43 44
44 45
45 46
46 47
47 48
48 49
49 50
10 47
30 23
2 34
31 21
15 47
41 19
37 18
16 49
27 17
26 10
26 19
36 22
12 49
35 20
16 47
29 7
9 46
33 14
17 44
11 45
6 37
39 22
37 16
34 10
21 49
39 23
39 21
27 7
29 13
40 22
2 34
27 21
38 15
4 35
3 31
34 19
33 12
2 38
23 50
30 15
40 18
30 7
31 16
29 15
11 48
4 45
30 25
28 16
5 36
40 16
28 9
3 35
31 20
32 21
27 4
42 19
27 25
33 19
10 48
7 47
9 38
36 16
2 40
36 17
31 15
20 46
2 32
35 24
3 48
28 15
28 8
4 38
41 18
4 49
3 31
3 34
35 20
45 25
19 49
32 17
29 23
1 40
4 36
26 13
2 43
28 4
38 25
43 24
9 47
28 19
26 15
3 47
4 44
10 42
5 39
1 47
39 23
35 22
26 2
41 25
5 38
5 40
37 25
12 48
31 23
32 20
35 17
28 23
33 14
2 49
28 18
6 44
26 6
28 7
3 43
1 27
23 50
29 23
35 17
34 10
14 41
31 10
17 46
2 38
27 21
39 25
2 40
27 16
9 47
45 21
16 43
29 22
32 9
22 48
8 42
11 44
3 37
43 24
7 44
49 25
1 29
37 22
12 40
30 24
46 24
2 40
24 50
26 14
8 42
20 46
36 20
17 50
30 15
31 16
32 17
27 10
30 9
29 11
28 17
3 48
3 44
11 38
33 24
42 23
34 15
36 15
27 24
35 16
30 19
34 17
37 23
26 3
26 16
30 11
14 50
28 18
11 47
14 46
27 23
7 33
3 48
9 36
32 22
29 16
4 35
6 33
18 47
5 49
30 15
7 42
21 50
39 21
41 23
12 46
10 49
31 22
46 25
10 48
39 18
42 23
4 49
29 21
26 17
7 40
5 40
1 46
14 48
39 24
4 31
8 38
3 46
14 50
3 40
19 47
20 50
13 46
32 21
11 40
27 21
11 47
26 16
32 20
29 25
28 7
14 48
42 22
9 41
36 21
8 44
8 48
27 21
16 46
27 17
6 40
21 49
35 20
29 8
40 20
3 38
1 30
15 49
10 43
2 47
4 33
3 46
31 18
6 35
1 38
2 42
28 16
34 17
4 42
14 40
36 23
26 21
39 21
19 50
29 6
9 38
34 25
27 3
20 47
46 22
38 21
1 46
19 47
20 50
33 13
11 38
28 5
34 20
35 15
43 19
14 48
34 24
9 36
45 23
34 10
31 25
31 15
3 32
32 19
4 46
30 7
36 19
15 46
6 47
27 18
27 14
34 23
36 17
4 31
34 20
34 14
40 21
1 45
14 50
32 23
3 45
10 44
6 33
29 22
30 8
9 42
3 39
29 18
7 49
1 45
4 41
11 47
30 20
6 37
17 43
43 20
44 22
4 50
34 12
38 22
33 22
15 50
43 25
16 42
7 48
30 10
31 18
30 18
18 44
5 39
23 49
40 17
22 50
11 47
40 17
34 12
30 14
9 50
27 23
28 6
30 20
27 24
10 45
41 17
3 44
3 30
7 39
26 9
29 10
27 8
34 10
30 9
13 46
2 38
1 37
36 18
42 25
29 6
7 34
38 16
45 25
1 38
38 14
31 22
15 44
3 41
41 18
38 25
26 20
8 48
11 41
32 15
5 44
9 49
35 23
38 21
11 44
15 50
1 33
33 16
6 48
35 24
34 14
12 50
28 18
29 23
9 49
26 17
29 14
18 46
35 17
17 49
14 50
15 42
33 23
15 42
30 8
8 49
6 38
34 16
6 45
30 21
1 40
10 42
1 32
16 43
10 36
45 22
6 42
31 21
1 42
10 40
5 33
13 50
9 38
27 19
11 45
1 33
46 22
30 21
44 22
38 24
27 10
27 21
37 22
10 43
9 46
3 34
36 14
7 44
20 47
3 48
26 4
11 37
15 49
8 39
38 25
35 11
2 42
37 18
26 5
12 46
5 46
34 22
29 5
4 39
13 39
15 43
23 49
19 47
28 22
13 41
4 46
5 48
42 23
17 45
14 46
35 17
7 35
2 43
3 33
43 22
30 14
40 22
3 47
1 30
19 47
3 39
11 49
27 23
28 19
1 41
26 25
10 41
7 49
26 23
36 23
3 35
9 49
35 13
4 37
37 21
5 47
30 6
2 34
5 45
19 46
43 20
30 10
1 47
34 14
29 18
33 13
33 19
14 42
14 46
44 24
20 50
5 47
38 14
26 11
20 48
30 8
4 44
3 34
42 20
10 50
34 22
5 36
16 44
30 10
37 24
29 11
35 14
2 29
26 23
7 42
2 45
37 21
37 18
36 15
12 50
8 46
8 36
33 19
18 49
40 19
34 14
27 11
9 35
26 3
2 36
45 23
2 44
2 45
28 16
20 49
18 47
16 48
28 9
13 45
33 15
40 19
32 25
15 46
31 9
8 48
35 17
36 19
34 24
20 47
26 2
27 14
7 47
30 13
44 24
29 9
29 7
27 12
27 19
5 32
29 7
1 39
3 46
2 37
31 12
36 22
36 12
18 47
8 35
39 25
33 17
30 25
36 22
29 9
18 45
6 39
4 42
14 46
4 38
29 17
9 39
28 24
46 23
33 21
8 50
40 18
3 41
31 20
27 8
15 41
31 15
30 9
27 14
35 19
36 13
11 48
2 45
2 32
38 24
1 31
3 49
26 21
6 33
15 46
33 20
13 42
28 15
36 24
12 39
22 49
7 39
34 15
27 22
2 28
26 23
4 49
13 42
35 21
30 11
36 14
14 47
1 49
5 31
4 44
27 15
1 38
32 17
3 46
34 13
12 45
4 45
46 23
1 48
33 21
5 44
37 13
26 7
1 28
38 19
44 23
26 7
24 50
42 20
37 13
31 9
46 23
10 43
35 15
7 49
33 18
3 34
26 5
28 13
27 18
28 14
13 44
32 16
18 46
3 43
29 23
33 9
41 17
9 35
35 17
27 5
6 48
36 23
43 25
16 49
36 14
29 23
41 21
7 40
3 45
2 36
33 25
44 25
30 24
2 29
10 39
32 21
28 23
1 46
10 46
3 49
29 13
35 15
29 25
34 18
11 48
1 46
18 44
32 14
28 7
27 3
26 10
39 25
39 21
6 33
36 17
34 19
33 20
10 47
11 41
36 14
43 24
7 38
32 25
22 48
34 16
9 49
23 50
8 48
10 48
4 43
32 8
40 20
30 21
10 47
6 47
36 20
17 50
28 12
31 9
17 45
31 17
7 37
11 48
21 49
27 9
41 22
1 28
5 38
32 22
8 40
6 42
2 33
29 15
1 50
1 38
33 14
35 25
35 11
20 48
28 13
36 13
18 48
34 19
30 22
31 11
34 17
29 21
2 41
3 50
5 50
35 20
31 9
36 18
26 4
13 39
19 48
1 39
28 5
6 40
20 46
33 21
8 50
5 38
36 18
9 43
39 22
47 25
26 8
28 16
32 21
5 41
26 22
34 16
2 50
42 25
19 49
28 18
27 16
4 41
7 50
44 20
19 45
33 9
48 24
1 49
12 45
46 24
31 9
18 46
3 31
8 49
33 25
1 41
3 40
36 16
26 14
35 13
4 31
2 49
4 48
9 36
33 22
41 19
37 15
8 34
7 42
28 5
26 14
36 19
33 9
3 47
9 39
8 44
43 20
9 49
4 48
3 46
13 43
33 13
2 29
35 25
15 42
24 50
1 47
3 38
32 16
34 18
28 25
7 37
8 40
26 20
41 17
2 41
28 6
14 49
3 47
35 23
12 41
5 31
9 37
28 14
30 20
3 40
10 46
40 25
14 48
27 11
19 49
44 20
36 25
33 9
14 45
34 16
30 13
10 49
14 40
11 37
17 49
31 24
6 42
42 25
12 45
3 34
28 17
34 25
10 36
4 32
48 24
39 19
28 10
10 48
4 30
33 23
31 11
28 9
11 50
1 43
1 43
39 19
17 47
45 24
9 38
5 39
31 22
7 43
13 48
28 12
28 6
11 42
22 49
6 35
39 20
15 48
28 12
22 49
29 23
27 6
44 21
30 20
28 9
2 50
45 21
32 15
7 33
27 14
12 42
4 44
1 46
27 20
44 22
12 39
20 47
2 29
34 13
15 42
34 18
27 6
18 46
26 6
7 47
28 10
15 46
39 24
8 36
33 22
4 40
5 50
37 25
34 18
21 49
43 22
34 18
31 9
4 38
7 49
2 36
1 35
11 48
1 39
6 43
11 49
30 15
40 25
36 19
18 46
29 22
29 20
3 37
