100 120
1 51
2 52
3 53
4 54
5 55
6 56
7 57
8 58
9 59
10 60
11 61
12 62
13 63
14 64
15 65
16 66
17 67
18 68
19 69
20 70
21 71
22 72
23 73
24 74
25 75
26 76
27 77
28 78
29 79
30 80
31 81
32 82
33 83
34 84
35 85
36 86
37 87
38 88
39 89
40 90
41 91
42 92
43 93
44 94
45 95
46 96
47 97
48 98
49 99
50 100
60 63
53 58
81 93
39 81
67 93
90 95
28 91
28 94
74 84
27 98
10 84
45 52
20 90
9 66
35 75
6 70
54 93
56 77
4 54
29 93
52 100
53 69
53 96
8 75
41 60
33 65
45 77
6 58
44 79
45 57
10 81
36 82
44 74
7 57
8 93
71 93
3 64
65 83
59 72
17 96
17 96
59 61
46 83
41 60
54 80
26 99
10 60
70 77
70 78
73 87
4 65
2 71
43 59
20 73
5 82
47 93
81 94
23 77
21 77
55 88
32 75
29 93
31 81
53 72
66 82
40 87
5 79
67 87
81 89
23 73
