100 150
1 51
2 52
3 53
4 54
5 55
6 56
7 57
8 58
9 59
10 60
11 61
12 62
13 63
14 64
15 65
16 66
17 67
18 68
19 69
20 70
21 71
22 72
23 73
24 74
25 75
26 76
27 77
28 78
29 79
30 80
31 81
32 82
33 83
34 84
35 85
36 86
37 87
38 88
39 89
40 90
41 91
42 92
43 93
44 94
45 95
46 96
47 97
48 98
49 99
50 100
54 88
41 75
62 91
5 92
28 90
73 83
3 80
30 94
7 87
37 88
2 51
23 98
81 91
21 66
56 65
47 99
60 95
2 67
40 100
15 99
42 98
20 51
43 52
5 86
51 69
71 91
12 51
48 92
29 76
79 90
13 53
10 91
48 82
49 96
65 94
54 69
61 98
52 58
29 74
29 52
58 59
60 97
17 97
39 94
1 91
51 59
26 100
45 74
59 76
26 66
44 93
39 59
22 58
28 53
49 61
52 62
13 92
41 52
38 99
43 100
7 56
33 98
75 81
11 84
80 97
56 81
30 61
56 71
65 80
32 61
48 97
49 86
19 76
65 93
74 76
32 72
33 95
65 78
11 56
71 76
6 90
47 71
36 71
99 100
5 71
36 88
35 74
36 52
48 92
83 90
73 85
47 64
28 60
77 81
63 93
33 59
58 91
6 71
34 64
33 86
