100 1000
69 50
64 53
41 48
73 4
61 26
72 36
54 96
43 66
3 46
24 44
67 72
2 81
48 64
65 85
51 89
52 11
43 69
85 33
19 34
16 6
70 17
2 19
17 24
76 100
77 4
79 100
95 35
6 100
39 4
9 96
56 27
16 4
88 81
9 36
91 73
40 7
96 71
61 52
12 55
98 24
32 79
69 56
48 22
72 51
12 1
45 66
40 20
52 87
52 99
93 64
23 41
54 2
66 1
62 55
63 31
17 73
38 29
74 15
14 13
45 99
52 4
11 50
48 44
25 89
5 21
67 37
80 46
98 38
16 55
38 42
95 83
58 27
17 19
61 25
85 51
18 28
50 75
66 19
18 34
27 44
23 56
16 26
50 33
63 15
34 51
99 27
73 6
48 4
38 85
40 54
89 21
18 22
58 72
54 99
57 20
69 19
91 83
42 19
32 23
70 85
8 44
36 30
36 59
12 17
38 7
82 77
28 6
88 54
90 23
95 74
5 8
54 34
16 84
86 1
9 52
56 33
97 74
57 79
50 13
16 84
60 24
12 100
70 3
60 22
27 53
62 71
39 62
74 28
58 41
86 62
26 51
83 76
16 75
7 68
49 10
82 20
63 9
26 39
16 80
60 54
70 88
24 89
40 22
97 79
9 50
8 71
73 68
98 90
97 35
63 35
23 94
20 13
43 7
79 96
52 22
24 34
29 22
32 95
90 51
93 41
94 47
40 20
8 62
64 6
41 80
69 33
88 39
7 89
70 63
90 55
72 4
32 74
76 87
84 27
48 36
79 74
38 80
9 3
96 100
23 75
66 68
98 10
1 81
29 3
63 51
63 17
86 62
65 34
84 33
58 62
49 4
83 89
20 36
62 89
45 2
80 55
93 56
10 6
52 94
41 62
29 62
91 69
14 7
82 58
63 84
1 21
97 83
18 44
88 50
60 9
83 65
39 1
42 75
60 38
73 42
11 81
59 89
49 59
12 78
74 15
31 93
69 37
38 4
5 41
69 68
14 15
97 31
27 34
97 1
83 27
40 10
16 3
84 64
40 54
30 75
32 73
8 3
31 33
35 34
43 99
41 27
8 72
95 15
23 94
88 76
49 36
16 73
52 21
88 6
9 13
29 42
10 28
74 62
35 30
51 33
42 55
90 64
88 16
97 90
10 41
54 10
19 55
27 75
18 53
79 96
16 47
52 29
8 15
91 44
11 92
38 67
65 81
60 29
36 37
67 64
86 9
65 68
54 20
60 17
27 34
97 16
63 65
32 69
76 64
94 72
17 100
27 68
29 87
12 30
17 55
96 68
60 99
5 11
88 42
73 85
97 33
82 35
77 27
97 95
9 65
97 42
54 37
38 22
52 69
5 2
25 26
39 28
60 2
62 6
73 71
18 91
31 4
70 19
14 42
18 73
57 93
70 68
85 33
60 26
29 41
94 92
88 6
18 87
36 53
91 15
74 37
43 63
60 54
82 60
25 76
58 50
43 42
40 11
68 53
29 15
16 94
99 80
57 98
5 95
77 87
33 100
69 62
72 47
54 77
29 96
90 48
60 37
97 68
32 69
88 19
89 46
86 95
86 11
52 20
39 56
64 75
85 6
69 76
93 51
17 69
49 85
17 35
17 80
34 53
5 74
21 81
40 11
70 81
63 53
63 76
34 75
98 59
31 35
98 79
70 16
90 85
5 13
79 22
35 78
24 28
12 94
49 84
31 62
92 42
22 21
4 19
86 11
74 48
23 50
79 74
49 78
49 41
39 20
83 36
61 51
88 99
91 38
14 50
94 87
56 28
90 50
48 35
40 13
90 59
87 71
57 94
50 81
97 54
8 64
19 55
35 6
52 41
42 27
43 52
12 34
58 100
23 44
75 46
88 33
62 13
5 85
40 4
28 100
77 13
19 55
57 54
20 50
32 20
24 56
82 85
2 84
73 4
47 51
4 3
91 64
57 35
16 37
34 22
49 71
58 72
61 46
86 21
98 67
2 75
19 55
1 55
17 1
16 29
43 60
40 26
86 73
49 24
60 93
72 68
82 48
16 72
65 80
49 100
99 89
29 76
12 29
19 15
97 78
57 97
86 26
49 73
45 43
65 37
8 2
78 27
98 27
83 58
43 91
61 54
10 64
4 51
30 44
82 6
57 80
61 16
88 38
88 90
10 53
17 21
38 36
31 83
69 3
25 56
10 21
54 41
56 37
88 42
76 59
55 71
70 9
92 1
97 75
26 76
91 64
75 81
57 40
5 39
43 23
52 51
95 8
18 85
74 47
97 15
5 74
26 92
7 22
60 71
67 37
86 25
43 53
31 84
32 36
62 76
18 83
11 75
40 31
32 33
60 42
2 13
39 19
60 33
6 81
70 28
39 29
88 29
9 71
69 42
82 35
88 81
94 47
86 66
18 11
88 67
11 1
29 76
97 42
47 6
42 75
24 47
95 41
45 24
61 59
2 53
88 41
10 37
48 71
39 79
25 81
18 32
88 87
57 92
84 36
18 42
40 15
25 31
61 44
77 66
83 46
88 64
74 21
36 68
1 44
87 21
63 81
24 79
62 51
91 74
17 31
90 78
91 65
72 76
83 87
40 85
1 53
61 92
65 75
5 43
49 15
79 59
45 67
83 20
23 72
40 17
7 89
10 94
99 1
79 69
11 7
80 1
31 20
47 15
98 15
95 55
9 74
17 78
27 75
52 87
2 1
77 100
69 15
79 46
36 28
93 72
16 21
24 3
96 7
43 24
86 95
16 89
60 72
97 63
38 64
47 55
31 3
2 78
49 29
23 36
96 55
48 59
64 21
7 6
41 80
92 75
61 79
8 56
7 27
78 6
10 93
24 83
49 63
61 82
90 36
26 2
45 71
2 68
70 89
12 82
12 84
16 33
60 84
31 7
44 71
95 27
86 37
34 53
54 32
60 44
88 9
8 79
96 71
97 61
17 21
38 35
11 87
12 85
32 1
25 28
87 46
65 34
91 100
11 30
43 33
98 32
90 19
80 6
5 76
38 22
85 20
53 81
77 74
90 95
70 89
86 28
26 83
8 64
10 78
35 100
67 22
43 82
5 79
73 29
88 90
8 30
49 37
74 84
56 6
48 35
69 4
32 73
57 50
18 23
32 69
48 33
29 75
61 1
16 64
86 96
23 69
40 28
18 19
65 50
86 25
74 4
88 83
91 23
66 13
88 19
84 35
99 56
95 76
18 6
48 78
56 75
25 37
65 89
14 67
69 28
39 42
88 73
91 41
82 37
91 33
90 39
24 39
43 58
23 1
97 88
43 90
59 100
73 76
96 33
77 85
58 71
72 15
82 19
54 13
88 51
47 81
94 41
28 15
31 75
88 54
10 27
47 30
7 46
14 29
40 100
40 13
39 47
39 21
93 75
92 75
31 66
84 27
15 21
84 28
98 26
54 36
60 26
13 28
85 36
4 80
16 30
95 37
25 30
88 67
65 4
5 21
91 19
98 15
61 84
32 58
5 82
43 89
28 3
23 74
88 46
95 7
14 55
57 4
75 53
65 72
23 47
61 28
88 72
17 96
95 41
93 64
59 21
18 81
39 38
9 33
65 22
91 100
40 52
80 100
47 71
86 50
98 63
1 53
50 30
83 42
12 84
70 95
96 28
10 27
94 20
72 15
39 42
67 19
57 88
3 100
83 50
14 29
60 51
40 55
32 27
24 76
79 30
63 60
72 87
56 36
9 2
84 19
88 37
10 42
10 93
11 72
52 77
36 19
9 54
94 37
18 44
97 71
70 4
84 96
65 19
91 20
67 6
99 47
52 34
9 84
14 65
58 66
39 72
18 60
61 74
14 35
41 34
70 80
14 8
88 99
70 31
57 76
28 1
12 32
36 15
3 21
24 81
60 24
92 15
47 68
61 36
26 85
91 87
83 47
58 19
23 72
58 44
77 93
32 96
67 3
90 11
69 51
45 72
90 52
30 51
30 68
12 71
52 29
77 95
74 19
14 26
97 67
97 96
74 13
94 68
61 64
54 34
17 3
67 46
82 3
31 44
95 20
30 33
58 21
60 94
95 56
90 39
63 54
46 33
89 46
31 38
42 6
20 47
43 38
17 30
90 77
10 1
97 79
99 34
21 100
74 72
58 75
63 3
64 15
61 72
89 46
74 100
7 37
12 15
77 75
9 38
48 27
16 55
17 34
19 44
87 33
60 9
63 65
90 38
18 77
47 22
67 78
93 89
31 87
13 21
52 64
79 4
69 22
17 74
63 64
16 29
32 83
56 50
99 41
43 16
49 58
62 59
93 80
54 10
24 95
88 28
54 48
77 29
29 71
88 28
10 4
88 31
18 28
38 80
8 83
72 87
40 63
73 41
17 56
60 85
49 2
83 79
12 26
5 40
10 76
50 21
9 62
34 1
54 95
56 100
77 48
32 67
4 30
22 15
92 64
82 59
83 48
47 15
90 96
63 79
25 73
23 81
77 30
52 6
72 35
72 89
8 81
90 53
