40 200
37 2
36 22
1 33
12 9
14 13
31 18
1 39
17 28
26 34
26 33
6 21
1 35
6 28
29 35
1 21
1 34
8 1
38 11
17 29
8 25
18 10
5 9
15 11
39 21
18 39
31 9
10 33
37 30
1 11
38 13
12 15
16 27
25 28
3 20
29 21
18 21
13 4
12 34
7 33
15 30
15 39
25 11
14 34
22 4
23 28
31 27
15 5
32 39
36 20
11 4
27 34
16 37
37 30
20 30
17 32
16 17
31 5
12 7
37 14
29 21
38 37
11 39
26 40
12 39
1 21
6 22
36 22
35 10
37 35
6 19
14 33
31 9
36 28
29 5
40 34
25 39
19 14
19 29
25 35
28 33
18 11
10 30
31 11
6 18
25 24
35 24
29 33
6 3
23 9
28 32
19 10
29 15
29 40
36 15
16 30
2 4
28 33
36 20
20 33
14 13
29 24
27 11
19 29
3 20
40 33
15 40
19 28
26 25
7 33
32 2
3 28
37 20
19 4
16 10
8 2
1 35
13 33
17 11
31 3
23 37
37 28
1 39
16 10
36 35
40 5
6 20
8 27
16 40
6 22
23 22
10 4
7 2
14 4
28 39
27 13
7 33
19 39
27 18
3 4
18 3
16 30
22 20
17 15
6 27
2 30
11 28
37 4
3 2
25 1
36 28
19 5
31 18
35 21
8 27
15 5
27 10
35 11
36 28
16 36
3 33
39 34
27 24
31 40
37 1
13 39
23 35
40 3
1 2
23 22
31 37
17 29
22 11
7 1
17 23
23 20
7 30
6 2
35 10
38 20
19 28
10 24
10 33
23 1
35 20
6 28
38 4
35 11
31 7
7 9
13 35
27 19
17 14
25 33
22 20
7 10
38 28
16 12
2 21
26 10
15 10
