100 600
36 3
89 56
61 12
26 51
36 97
9 91
76 92
55 46
6 56
32 44
92 55
79 62
92 38
30 51
70 28
34 1
50 92
39 56
2 59
32 87
76 45
26 65
68 35
85 57
94 64
82 95
58 73
60 65
50 64
10 18
36 30
74 95
42 65
12 67
40 20
44 49
69 75
34 27
4 48
77 20
33 11
43 96
71 24
10 28
7 73
85 59
30 1
36 53
69 41
98 28
6 40
50 48
55 43
5 87
5 91
36 75
47 93
47 10
15 93
58 88
87 75
38 31
22 75
64 96
71 82
1 44
12 18
55 80
32 50
3 48
9 63
99 31
41 30
5 86
61 30
39 13
69 84
69 44
94 80
70 49
16 57
61 83
19 31
82 29
97 86
36 72
22 16
45 65
45 43
61 50
65 84
85 32
52 42
65 11
8 63
47 88
92 53
83 76
60 57
65 72
19 17
79 27
41 72
89 62
85 41
20 27
71 78
66 43
9 92
14 84
63 88
97 37
37 96
19 95
68 10
97 29
4 51
32 80
41 71
99 68
36 51
60 13
95 21
36 95
3 57
4 88
14 10
34 54
27 49
81 56
6 31
82 27
45 65
83 48
83 9
3 78
4 13
36 33
13 86
72 78
51 64
43 48
82 53
46 24
20 80
75 46
60 27
99 71
3 71
40 94
4 79
61 34
84 18
30 49
45 78
70 7
73 88
36 55
84 46
56 21
71 2
40 56
76 67
89 88
2 24
92 2
14 66
52 13
63 96
34 12
1 18
92 75
53 11
87 24
76 1
89 4
83 91
15 71
80 21
99 23
32 82
83 98
4 100
6 39
50 18
53 62
68 86
41 100
69 41
89 28
6 44
72 63
84 80
38 96
42 83
100 88
71 66
36 86
3 90
92 56
92 28
89 62
88 18
91 21
50 54
42 73
45 27
71 82
4 2
72 51
55 11
99 86
15 28
31 64
89 66
39 41
89 98
6 56
8 67
71 27
42 38
82 64
68 19
92 78
83 50
38 29
44 87
19 96
69 60
38 80
98 12
74 5
95 18
32 9
89 29
41 93
39 37
55 57
76 58
7 64
46 57
14 83
38 79
74 27
70 58
2 88
35 88
35 27
16 84
99 57
95 67
33 19
26 8
13 2
39 5
12 80
13 91
22 69
84 67
85 42
1 67
34 80
27 54
86 91
41 66
68 19
20 93
38 30
35 78
60 19
45 72
84 28
85 75
60 76
15 63
60 17
34 26
35 46
45 13
20 84
16 45
39 69
50 17
15 55
41 17
83 54
15 37
3 75
97 43
60 56
7 80
14 47
32 93
25 48
52 98
16 80
42 30
86 43
14 75
32 19
56 91
99 42
36 67
97 46
25 19
4 91
60 57
93 11
2 46
3 26
31 43
31 21
19 8
65 77
3 38
53 63
13 47
87 57
52 67
14 56
69 1
3 68
7 86
81 26
37 20
77 54
53 46
56 96
36 28
6 15
51 24
36 83
25 44
6 37
32 64
50 63
91 48
87 57
49 11
68 87
93 78
26 72
40 73
57 18
55 43
53 98
66 12
97 34
92 62
22 79
52 28
14 72
70 50
32 76
4 2
26 29
13 54
81 44
92 27
8 78
100 46
35 27
42 65
7 30
52 47
60 50
19 46
72 30
89 88
35 80
52 91
76 84
65 96
32 71
47 86
32 9
10 23
9 27
70 72
9 45
68 50
57 18
33 84
20 10
12 64
15 45
95 54
15 24
42 87
68 51
14 62
58 77
78 59
71 54
86 28
14 78
35 65
85 90
7 49
97 47
78 75
15 37
47 62
92 80
15 50
13 44
90 73
61 65
38 100
14 57
66 48
13 10
31 44
11 17
65 46
40 90
50 31
69 91
7 72
25 40
92 10
77 87
19 76
1 87
27 28
9 48
15 29
5 91
83 92
60 66
55 18
34 84
81 48
4 1
6 84
74 31
39 3
1 55
34 47
99 40
39 31
8 30
39 23
85 88
36 83
60 54
91 24
26 20
85 63
83 57
79 28
90 12
41 43
99 32
68 73
35 31
62 96
68 65
25 54
1 86
16 91
100 57
84 49
69 88
35 45
50 84
39 46
97 54
34 1
6 3
93 95
19 80
69 41
83 56
59 62
66 98
37 49
33 94
20 17
61 62
74 78
8 92
7 67
37 54
61 29
15 27
44 57
35 91
65 95
81 28
55 96
51 95
6 30
25 35
72 94
74 54
28 18
22 84
97 12
76 56
2 43
19 78
6 26
52 82
25 88
83 45
16 34
16 56
19 8
62 21
41 56
22 27
76 7
44 95
25 57
26 78
8 20
89 91
53 67
16 10
95 54
35 28
22 49
40 84
57 54
56 64
47 86
70 76
13 95
77 87
85 15
32 73
50 18
52 30
29 18
19 54
60 98
73 49
43 18
36 17
93 94
9 21
84 21
81 38
65 84
8 93
10 11
73 54
14 29
60 26
68 29
32 2
69 10
51 57
3 79
70 24
33 67
60 59
76 59
81 67
3 44
50 86
39 86
70 68
99 86
63 62
81 53
97 3
89 57
81 83
20 96
19 5
16 98
52 25
2 44
76 11
9 98
65 51
61 84
97 16
71 64
71 76
83 62
8 11
33 92
73 80
69 60
6 56
1 10
85 89
61 31
16 29
82 87
74 9
50 87
25 75
86 24
99 100
72 10
10 59
