100 800
59 11
93 92
76 39
81 90
87 69
75 6
9 11
17 5
10 66
83 60
88 41
59 87
31 97
77 49
28 81
100 2
67 34
3 11
42 39
41 100
83 25
2 90
80 4
95 79
93 28
86 30
35 77
95 57
32 87
2 29
45 11
45 62
91 50
9 37
63 30
86 11
21 89
71 13
28 60
45 47
48 41
60 23
15 82
14 92
65 53
86 8
22 35
67 94
56 92
17 39
4 26
25 14
17 11
86 90
45 68
76 68
14 42
96 90
67 87
6 91
88 8
24 51
94 50
28 30
24 90
16 66
58 39
28 36
44 89
78 38
16 34
17 84
63 4
76 26
62 95
88 18
67 29
74 84
27 82
49 38
75 87
45 55
46 19
37 82
96 77
75 17
23 100
79 49
80 50
24 22
20 30
22 51
24 70
16 13
43 99
53 82
40 87
1 57
93 43
65 85
69 90
86 50
63 73
3 4
3 69
45 92
78 84
66 40
1 73
67 31
25 78
52 34
18 42
46 59
6 68
63 10
79 98
12 21
51 99
83 74
53 89
3 81
24 62
65 8
83 17
20 97
40 49
56 57
10 85
17 57
79 5
3 96
58 30
22 89
19 30
28 42
41 61
10 49
6 92
63 57
83 10
1 77
64 81
74 52
93 40
59 78
46 29
27 69
56 60
42 87
5 38
81 50
56 81
21 69
98 69
7 31
26 78
51 32
22 99
3 25
7 84
75 36
45 40
20 31
22 16
6 27
17 94
16 47
76 35
56 1
1 19
74 85
86 13
80 27
27 98
31 54
96 18
27 50
58 96
14 31
73 97
71 74
80 46
66 5
93 100
42 50
88 98
64 26
62 10
62 96
62 4
3 67
21 84
93 8
74 82
29 8
76 52
80 99
56 6
29 90
17 54
24 58
80 62
3 97
19 70
15 90
1 68
49 89
19 34
76 66
16 39
4 10
28 84
6 30
11 90
53 91
2 98
63 46
7 54
47 32
2 5
75 60
83 37
28 30
18 30
45 16
91 8
57 99
10 85
46 27
7 23
4 78
34 98
58 32
73 85
23 69
34 85
3 57
44 7
44 43
25 66
20 32
93 9
51 50
83 57
91 47
70 89
23 38
80 40
30 33
41 82
42 85
94 99
23 73
67 20
42 73
83 14
45 21
43 99
8 82
83 19
63 92
93 64
63 59
9 99
36 61
43 70
43 39
76 87
93 30
19 85
37 97
93 35
78 5
80 82
45 59
86 99
58 59
97 54
14 38
51 84
36 2
9 94
19 95
17 2
65 66
95 99
74 54
75 74
46 34
56 66
49 84
67 53
96 18
19 15
14 49
37 92
95 29
36 59
3 84
68 87
28 91
55 54
45 26
86 14
18 23
46 64
14 39
27 94
20 81
74 64
18 54
74 77
67 47
71 75
25 34
46 7
53 57
31 87
30 27
96 64
45 42
58 17
44 96
15 29
86 52
55 14
100 98
56 77
19 82
10 54
10 84
3 6
28 53
81 73
78 54
19 8
71 100
71 32
43 84
3 21
41 92
56 46
76 5
93 5
37 59
7 10
62 50
56 89
42 69
41 97
60 47
34 92
94 69
88 52
83 58
17 35
3 60
66 69
20 66
15 54
83 59
93 44
100 72
12 8
79 33
63 50
36 49
56 14
46 82
4 66
60 21
45 51
86 7
52 40
3 57
58 39
34 99
52 14
66 87
83 81
83 23
45 29
31 47
57 31
86 29
58 20
65 50
100 79
67 57
56 47
1 41
100 49
46 59
14 49
17 51
76 52
47 92
60 47
67 92
52 91
51 30
73 49
58 26
73 78
25 53
23 13
56 91
79 89
19 14
41 25
12 53
60 85
80 35
97 21
44 64
76 62
6 25
76 37
76 50
27 87
3 79
30 38
23 33
28 64
74 85
46 16
28 30
81 82
36 55
80 76
63 90
75 59
17 95
35 11
80 55
16 8
3 82
86 94
48 46
93 38
93 94
74 81
37 30
83 33
71 73
79 94
10 92
1 46
40 8
78 82
28 90
10 82
15 95
96 8
23 97
64 66
48 20
60 49
40 69
26 2
72 84
53 34
63 86
17 70
93 41
48 75
71 66
35 30
96 99
15 77
53 79
25 82
17 8
44 42
76 41
35 34
65 19
63 11
95 66
91 32
45 16
6 54
18 55
71 4
91 50
71 46
80 47
19 78
73 38
2 82
9 100
43 69
58 92
34 73
46 14
24 34
56 63
28 7
77 5
18 49
79 8
67 38
1 43
96 42
67 2
61 42
63 34
36 73
48 88
55 78
94 54
53 85
52 40
46 78
36 4
13 66
40 69
63 34
62 98
58 52
55 34
65 88
26 61
55 49
16 92
58 25
77 90
1 88
56 1
12 90
15 85
25 5
74 82
18 34
93 28
19 30
22 17
19 78
37 38
28 22
18 34
58 74
3 50
42 90
95 78
98 39
71 56
19 89
91 85
88 59
51 5
24 77
86 29
30 87
9 52
64 27
3 86
71 84
48 14
1 11
4 84
45 32
28 69
3 52
57 59
94 8
25 66
23 34
45 84
55 98
83 22
95 31
45 100
67 65
98 99
17 9
71 83
87 50
12 73
60 30
55 21
65 77
36 42
74 40
51 39
10 50
83 70
16 42
71 37
44 12
23 4
31 27
63 98
8 85
97 99
28 78
7 27
22 89
23 81
22 97
18 10
72 90
96 36
7 77
75 15
18 49
45 72
51 86
72 82
35 69
42 27
48 24
9 78
44 22
22 19
83 31
46 52
86 46
14 47
13 92
19 99
65 61
20 26
80 39
76 82
28 73
60 26
96 4
74 99
91 11
92 90
75 2
75 2
59 78
96 91
72 8
28 82
51 100
6 36
79 8
63 23
65 54
60 57
56 16
24 19
20 61
14 35
13 29
54 82
81 2
41 97
75 42
48 73
28 12
96 26
20 97
53 70
12 94
79 84
71 60
57 77
15 32
5 11
28 50
12 25
76 58
75 7
48 75
91 50
37 36
51 6
14 54
16 99
26 38
40 78
42 98
75 1
59 38
23 72
63 79
2 49
46 15
24 90
74 78
30 69
100 8
79 72
55 47
71 51
31 49
80 60
44 96
96 8
19 87
23 90
76 29
74 92
17 26
80 29
41 81
95 81
74 5
85 90
100 53
16 84
48 53
80 29
56 82
12 91
31 79
45 25
67 77
30 21
63 79
31 66
64 68
20 49
26 32
58 85
24 91
45 26
28 65
71 7
38 84
72 69
15 77
35 27
51 26
48 72
37 42
61 87
66 49
20 61
18 31
94 11
48 4
81 94
65 49
96 53
96 5
41 81
73 78
86 36
67 26
6 29
95 30
96 4
74 46
91 77
56 37
4 35
56 86
76 8
51 43
63 79
56 43
17 98
37 65
74 26
71 99
45 99
100 27
59 35
5 84
22 27
86 90
1 36
57 8
25 72
100 30
67 78
63 13
66 21
74 64
86 64
63 70
56 62
22 67
28 95
56 40
61 33
96 30
31 99
15 92
65 50
7 98
15 25
40 21
53 69
14 78
91 32
78 29
52 27
29 54
60 5
68 38
18 14
65 78
9 7
