5481
2 1
3 2
4 1
5 3
6 3
7 1
8 1
9 5
10 9
11 7
12 2
13 2
14 6
15 14
16 10
17 16
18 9
19 5
20 1
21 9
22 19
23 4
24 21
25 4
26 4
27 6
28 8
29 15
30 14
31 10
32 29
33 4
34 10
35 32
36 23
37 1
38 13
39 17
40 15
41 30
42 28
43 2
44 2
45 16
46 45
47 25
48 8
49 3
50 15
51 46
52 17
53 37
54 14
55 28
56 37
57 12
58 20
59 51
60 42
61 31
62 46
63 31
64 20
65 37
66 49
67 9
68 47
69 47
70 15
71 58
72 27
73 50
74 42
75 30
76 3
77 23
78 45
79 16
80 17
81 52
82 17
83 65
84 61
85 77
86 15
87 83
88 57
89 66
90 76
91 18
92 62
93 56
94 73
95 23
96 81
97 30
98 84
99 24
100 55
101 21
102 26
103 19
104 70
105 25
106 90
107 5
108 53
109 88
110 1
111 101
112 92
113 96
114 29
115 46
116 2
117 4
118 17
119 52
120 58
121 107
122 108
123 40
124 12
125 70
126 43
127 122
128 14
129 106
130 73
131 15
132 38
133 107
134 107
135 17
136 97
137 66
138 49
139 7
140 114
141 38
142 123
143 18
144 15
145 103
146 6
147 7
148 106
149 130
150 5
151 17
152 42
153 142
154 24
155 3
156 102
157 156
158 99
159 144
160 51
161 132
162 106
163 135
164 56
165 155
166 51
167 13
168 164
169 8
170 86
171 10
172 149
173 6
174 78
175 67
176 24
177 33
178 20
179 101
180 135
181 20
182 64
183 46
184 114
185 25
186 169
187 48
188 182
189 56
190 2
191 188
192 139
193 192
194 65
195 54
196 189
197 147
198 48
199 127
200 88
201 100
202 84
203 100
204 24
205 200
206 53
207 188
208 184
209 133
210 172
211 196
212 118
213 33
214 93
215 47
216 93
217 43
218 16
219 28
220 181
221 13
222 87
223 100
224 200
225 146
226 111
227 100
228 6
229 161
230 113
231 38
232 223
233 56
234 12
235 15
236 125
237 78
238 231
239 202
240 83
241 71
242 106
243 134
244 54
245 241
246 87
247 189
248 223
249 99
250 187
251 8
252 38
253 151
254 214
255 100
256 63
257 148
258 102
259 197
260 32
261 201
262 34
263 11
264 52
265 253
266 52
267 242
268 36
269 84
270 111
271 238
272 20
273 36
274 68
275 84
276 37
277 225
278 277
279 132
280 138
281 48
282 123
283 253
284 143
285 247
286 11
287 136
288 257
289 168
290 171
291 19
292 245
293 189
294 240
295 128
296 65
297 230
298 245
299 267
300 83
301 90
302 166
303 188
304 182
305 189
306 195
307 283
308 54
309 94
310 165
311 271
312 73
313 289
314 158
315 149
316 275
317 259
318 101
319 293
320 280
321 171
322 117
323 132
324 233
325 112
326 237
327 314
328 154
329 47
330 137
331 297
332 180
333 56
334 312
335 71
336 42
337 163
338 7
339 313
340 169
341 254
342 120
343 74
344 334
345 39
346 67
347 85
348 262
349 321
350 337
351 320
352 163
353 20
354 345
355 10
356 82
357 346
358 173
359 319
360 307
361 150
362 241
363 75
364 108
365 26
366 220
367 83
368 153
369 330
370 250
371 57
372 241
373 299
374 58
375 110
376 217
377 154
378 133
379 66
380 55
381 78
382 140
383 50
384 107
385 298
386 183
387 52
388 387
389 188
390 32
391 234
392 142
393 376
394 282
395 97
396 190
397 146
398 260
399 205
400 272
401 324
402 195
403 66
404 270
405 102
406 155
407 133
408 53
409 25
410 22
411 126
412 136
413 394
414 41
415 282
416 94
417 89
418 106
419 85
420 376
421 136
422 110
423 138
424 335
425 373
426 96
427 379
428 325
429 389
430 406
431 48
432 69
433 225
434 15
435 343
436 91
437 380
438 206
439 303
440 143
441 3
442 375
443 410
444 333
445 163
446 313
447 23
448 26
449 112
450 169
451 199
452 86
453 220
454 433
455 397
456 49
457 5
458 365
459 159
460 71
461 342
462 177
463 115
464 218
465 83
466 13
467 320
468 206
469 185
470 358
471 66
472 166
473 294
474 413
475 11
476 191
477 356
478 269
479 116
480 467
481 366
482 314
483 372
484 406
485 406
486 258
487 426
488 71
489 107
490 438
491 436
492 76
493 71
494 197
495 369
496 333
497 61
498 197
499 228
500 289
501 375
502 191
503 219
504 18
505 409
506 410
507 230
508 81
509 309
510 406
511 488
512 65
513 472
514 33
515 48
516 436
517 162
518 118
519 456
520 227
521 78
522 201
523 342
524 349
525 292
526 191
527 386
528 223
529 388
530 375
531 5
532 208
533 97
534 524
535 231
536 275
537 189
538 225
539 447
540 3
541 369
542 184
543 488
544 103
545 375
546 354
547 322
548 387
549 368
550 139
551 137
552 210
553 167
554 257
555 33
556 507
557 414
558 505
559 527
560 477
561 185
562 64
563 41
564 265
565 168
566 417
567 373
568 158
569 220
570 546
571 196
572 71
573 369
574 129
575 367
576 276
577 137
578 534
579 537
580 523
581 494
582 248
583 533
584 258
585 225
586 369
587 385
588 2
589 329
590 127
591 228
592 60
593 130
594 465
595 319
596 204
597 411
598 206
599 302
600 578
601 453
602 535
603 250
604 563
605 162
606 272
607 265
608 67
609 247
610 268
611 219
612 542
613 472
614 480
615 49
616 429
617 350
618 222
619 479
620 506
621 496
622 576
623 88
624 312
625 223
626 105
627 8
628 18
629 307
630 66
631 503
632 528
633 253
634 173
635 214
636 631
637 123
638 608
639 252
640 3
641 357
642 72
643 160
644 378
645 204
646 458
647 634
648 630
649 431
650 121
651 143
652 201
653 19
654 630
655 133
656 85
657 567
658 65
659 398
660 553
661 191
662 318
663 641
664 228
665 190
666 302
667 39
668 45
669 169
670 309
671 395
672 106
673 604
674 236
675 553
676 282
677 629
678 547
679 14
680 327
681 258
682 69
683 560
684 116
685 12
686 393
687 377
688 109
689 146
690 104
691 373
692 481
693 332
694 676
695 121
696 621
697 391
698 568
699 602
700 240
701 559
702 458
703 43
704 161
705 564
706 691
707 131
708 121
709 310
710 102
711 248
712 115
713 702
714 32
715 314
716 628
717 504
718 593
719 188
720 267
721 511
722 113
723 116
724 369
725 92
726 380
727 596
728 621
729 114
730 559
731 85
732 411
733 537
734 360
735 257
736 342
737 110
738 593
739 733
740 455
741 114
742 253
743 578
744 180
745 618
746 99
747 676
748 367
749 462
750 388
751 116
752 79
753 547
754 586
755 499
756 152
757 360
758 28
759 267
760 248
761 529
762 675
763 384
764 431
765 13
766 619
767 733
768 322
769 385
770 538
771 714
772 356
773 676
774 564
775 612
776 464
777 235
778 656
779 56
780 607
781 640
782 473
783 395
784 188
785 512
786 154
787 738
788 568
789 309
790 677
791 603
792 135
793 462
794 119
795 331
796 533
797 116
798 568
799 15
800 213
801 614
802 656
803 704
804 371
805 96
806 303
807 405
808 57
809 548
810 492
811 771
812 212
813 141
814 309
815 195
816 592
817 139
818 325
819 411
820 371
821 125
822 167
823 606
824 565
825 680
826 346
827 192
828 685
829 418
830 749
831 33
832 258
833 661
834 783
835 765
836 569
837 657
838 683
839 114
840 340
841 44
842 112
843 206
844 190
845 35
846 547
847 70
848 703
849 394
850 199
851 270
852 317
853 605
854 616
855 487
856 652
857 219
858 193
859 145
860 635
861 633
862 278
863 526
864 88
865 799
866 503
867 857
868 533
869 493
870 818
871 264
872 4
873 553
874 335
875 542
876 67
877 163
878 431
879 71
880 768
881 567
882 69
883 188
884 555
885 550
886 878
887 429
888 171
889 708
890 362
891 304
892 745
893 385
894 306
895 877
896 39
897 770
898 743
899 714
900 610
901 644
902 896
903 648
904 285
905 834
906 591
907 236
908 828
909 24
910 5
911 629
912 246
913 555
914 359
915 366
916 600
917 109
918 770
919 914
920 301
921 162
922 428
923 733
924 16
925 855
926 322
927 820
928 62
929 842
930 661
931 62
932 663
933 13
934 601
935 388
936 649
937 797
938 753
939 506
940 263
941 84
942 327
943 523
944 206
945 430
946 475
947 94
948 682
949 786
950 16
951 73
952 610
953 99
954 40
955 664
956 331
957 460
958 113
959 152
960 888
961 126
962 419
963 880
964 756
965 635
966 210
967 43
968 2
969 330
970 323
971 130
972 32
973 360
974 180
975 428
976 81
977 492
978 23
979 745
980 343
981 408
982 292
983 794
984 172
985 689
986 663
987 384
988 927
989 84
990 616
991 1
992 238
993 883
994 577
995 108
996 812
997 768
998 606
999 727
1000 581
1001 693
1002 261
1003 997
1004 530
1005 851
1006 222
1007 645
1008 411
1009 452
1010 728
1011 909
1012 83
1013 872
1014 498
1015 810
1016 281
1017 162
1018 385
1019 510
1020 724
1021 966
1022 556
1023 867
1024 598
1025 90
1026 877
1027 943
1028 650
1029 892
1030 348
1031 103
1032 805
1033 429
1034 911
1035 471
1036 47
1037 385
1038 728
1039 234
1040 633
1041 462
1042 211
1043 500
1044 125
1045 48
1046 592
1047 947
1048 977
1049 238
1050 235
1051 472
1052 643
1053 23
1054 410
1055 146
1056 494
1057 662
1058 380
1059 355
1060 866
1061 672
1062 204
1063 879
1064 669
1065 1058
1066 248
1067 1005
1068 325
1069 611
1070 756
1071 208
1072 779
1073 726
1074 418
1075 354
1076 613
1077 763
1078 678
1079 548
1080 491
1081 820
1082 667
1083 721
1084 139
1085 827
1086 70
1087 228
1088 493
1089 180
1090 1043
1091 365
1092 888
1093 272
1094 951
1095 29
1096 441
1097 499
1098 370
1099 828
1100 1062
1101 500
1102 427
1103 493
1104 250
1105 634
1106 320
1107 334
1108 2
1109 283
1110 861
1111 796
1112 220
1113 631
1114 629
1115 463
1116 467
1117 798
1118 1030
1119 698
1120 499
1121 628
1122 419
1123 127
1124 854
1125 467
1126 1043
1127 264
1128 11
1129 197
1130 662
1131 101
1132 550
1133 667
1134 849
1135 313
1136 495
1137 890
1138 37
1139 968
1140 677
1141 595
1142 177
1143 639
1144 731
1145 853
1146 33
1147 265
1148 527
1149 1020
1150 1053
1151 350
1152 90
1153 352
1154 808
1155 239
1156 79
1157 504
1158 1132
1159 1072
1160 39
1161 1026
1162 466
1163 398
1164 900
1165 1049
1166 277
1167 1047
1168 668
1169 709
1170 447
1171 1052
1172 1133
1173 649
1174 1049
1175 780
1176 58
1177 478
1178 1115
1179 36
1180 929
1181 593
1182 925
1183 323
1184 96
1185 657
1186 646
1187 69
1188 1086
1189 655
1190 198
1191 239
1192 224
1193 827
1194 216
1195 184
1196 1191
1197 726
1198 668
1199 151
1200 807
1201 113
1202 73
1203 430
1204 41
1205 1078
1206 945
1207 45
1208 22
1209 644
1210 618
1211 291
1212 729
1213 490
1214 242
1215 923
1216 661
1217 264
1218 1040
1219 199
1220 338
1221 782
1222 1073
1223 426
1224 314
1225 976
1226 1209
1227 140
1228 593
1229 927
1230 67
1231 802
1232 747
1233 543
1234 172
1235 860
1236 1041
1237 898
1238 146
1239 495
1240 1224
1241 332
1242 403
1243 1089
1244 9
1245 531
1246 388
1247 975
1248 441
1249 354
1250 1213
1251 1087
1252 219
1253 86
1254 128
1255 706
1256 334
1257 1256
1258 692
1259 927
1260 1239
1261 598
1262 801
1263 703
1264 665
1265 944
1266 684
1267 1195
1268 38
1269 55
1270 736
1271 899
1272 1062
1273 1014
1274 388
1275 986
1276 445
1277 916
1278 17
1279 989
1280 482
1281 1079
1282 1204
1283 391
1284 984
1285 656
1286 76
1287 1111
1288 20
1289 83
1290 279
1291 138
1292 1277
1293 185
1294 120
1295 323
1296 1001
1297 236
1298 1247
1299 1257
1300 1020
1301 995
1302 899
1303 612
1304 163
1305 1228
1306 1264
1307 805
1308 1207
1309 891
1310 74
1311 704
1312 155
1313 1221
1314 35
1315 1158
1316 496
1317 222
1318 1289
1319 470
1320 429
1321 615
1322 837
1323 423
1324 394
1325 1104
1326 374
1327 255
1328 1245
1329 132
1330 307
1331 734
1332 1257
1333 286
1334 566
1335 237
1336 1023
1337 1054
1338 335
1339 269
1340 142
1341 39
1342 564
1343 92
1344 607
1345 404
1346 274
1347 362
1348 719
1349 247
1350 56
1351 710
1352 807
1353 179
1354 1198
1355 940
1356 300
1357 214
1358 1203
1359 922
1360 820
1361 500
1362 828
1363 66
1364 348
1365 129
1366 331
1367 274
1368 571
1369 530
1370 1260
1371 1273
1372 446
1373 626
1374 409
1375 1261
1376 225
1377 1140
1378 517
1379 96
1380 159
1381 647
1382 705
1383 177
1384 642
1385 378
1386 874
1387 1042
1388 31
1389 122
1390 657
1391 234
1392 465
1393 562
1394 545
1395 41
1396 1014
1397 1172
1398 212
1399 1231
1400 956
1401 108
1402 402
1403 90
1404 133
1405 923
1406 146
1407 851
1408 156
1409 125
1410 431
1411 527
1412 860
1413 850
1414 1040
1415 560
1416 1410
1417 943
1418 465
1419 1090
1420 528
1421 191
1422 1149
1423 355
1424 1036
1425 418
1426 997
1427 1118
1428 744
1429 631
1430 999
1431 570
1432 375
1433 870
1434 1036
1435 848
1436 187
1437 838
1438 1019
1439 738
1440 1327
1441 1437
1442 569
1443 1378
1444 657
1445 963
1446 1230
1447 655
1448 124
1449 557
1450 193
1451 1230
1452 610
1453 1416
1454 215
1455 1206
1456 1372
1457 1087
1458 1403
1459 1354
1460 323
1461 18
1462 26
1463 1113
1464 490
1465 1235
1466 396
1467 838
1468 1056
1469 521
1470 99
1471 661
1472 449
1473 1118
1474 1203
1475 1347
1476 102
1477 1362
1478 1315
1479 358
1480 91
1481 959
1482 1331
1483 897
1484 1113
1485 1162
1486 966
1487 503
1488 241
1489 350
1490 970
1491 194
1492 1233
1493 1345
1494 631
1495 738
1496 1256
1497 833
1498 185
1499 203
1500 107
1501 308
1502 1106
1503 768
1504 1484
1505 20
1506 1059
1507 669
1508 635
1509 365
1510 320
1511 485
1512 825
1513 1085
1514 242
1515 195
1516 909
1517 229
1518 350
1519 1503
1520 678
1521 1254
1522 1035
1523 390
1524 1307
1525 286
1526 331
1527 647
1528 869
1529 983
1530 864
1531 1252
1532 1268
1533 403
1534 176
1535 705
1536 783
1537 510
1538 1380
1539 1106
1540 644
1541 801
1542 1052
1543 172
1544 1384
1545 1410
1546 571
1547 407
1548 1378
1549 912
1550 168
1551 484
1552 1272
1553 1479
1554 202
1555 514
1556 1475
1557 225
1558 692
1559 611
1560 1208
1561 1427
1562 35
1563 1117
1564 1409
1565 607
1566 1114
1567 1512
1568 151
1569 1049
1570 1354
1571 524
1572 743
1573 1203
1574 1500
1575 188
1576 860
1577 1292
1578 1461
1579 464
1580 1376
1581 644
1582 554
1583 639
1584 1507
1585 280
1586 893
1587 1209
1588 967
1589 306
1590 1232
1591 255
1592 662
1593 822
1594 398
1595 1232
1596 250
1597 890
1598 1357
1599 1261
1600 1411
1601 539
1602 162
1603 440
1604 1447
1605 1503
1606 1014
1607 470
1608 111
1609 1488
1610 1394
1611 1536
1612 634
1613 529
1614 1127
1615 190
1616 807
1617 541
1618 528
1619 987
1620 1147
1621 693
1622 613
1623 334
1624 1280
1625 269
1626 408
1627 939
1628 1158
1629 1624
1630 349
1631 1104
1632 587
1633 388
1634 1133
1635 1032
1636 1550
1637 582
1638 1266
1639 1127
1640 1460
1641 1620
1642 206
1643 289
1644 789
1645 1266
1646 1365
1647 457
1648 644
1649 253
1650 830
1651 1592
1652 130
1653 894
1654 1537
1655 948
1656 1622
1657 805
1658 165
1659 802
1660 1497
1661 655
1662 710
1663 1517
1664 165
1665 670
1666 739
1667 713
1668 438
1669 1654
1670 1038
1671 809
1672 558
1673 1146
1674 410
1675 918
1676 1357
1677 1582
1678 1009
1679 747
1680 540
1681 47
1682 1068
1683 871
1684 568
1685 1422
1686 1637
1687 734
1688 608
1689 673
1690 878
1691 133
1692 1413
1693 1011
1694 797
1695 1321
1696 1641
1697 540
1698 1555
1699 546
1700 133
1701 1261
1702 403
1703 578
1704 406
1705 632
1706 1001
1707 1323
1708 538
1709 53
1710 371
1711 1223
1712 66
1713 131
1714 1233
1715 494
1716 949
1717 839
1718 701
1719 1499
1720 1343
1721 58
1722 427
1723 1659
1724 687
1725 1134
1726 718
1727 1121
1728 492
1729 1216
1730 634
1731 1399
1732 963
1733 1060
1734 1040
1735 404
1736 1031
1737 1683
1738 1151
1739 1197
1740 1184
1741 825
1742 899
1743 388
1744 1008
1745 547
1746 1141
1747 1660
1748 447
1749 292
1750 97
1751 1688
1752 1327
1753 1578
1754 1668
1755 126
1756 217
1757 520
1758 203
1759 1187
1760 147
1761 659
1762 1229
1763 93
1764 35
1765 573
1766 438
1767 992
1768 1616
1769 695
1770 258
1771 923
1772 1270
1773 1510
1774 573
1775 1750
1776 444
1777 1756
1778 752
1779 1459
1780 1419
1781 386
1782 1382
1783 1106
1784 1465
1785 1420
1786 138
1787 1110
1788 1346
1789 1531
1790 915
1791 1286
1792 1667
1793 384
1794 298
1795 818
1796 730
1797 126
1798 452
1799 996
1800 742
1801 1420
1802 197
1803 999
1804 99
1805 1484
1806 1572
1807 667
1808 1240
1809 1539
1810 276
1811 1510
1812 198
1813 408
1814 214
1815 1175
1816 1681
1817 712
1818 86
1819 477
1820 764
1821 905
1822 1457
1823 244
1824 1790
1825 1203
1826 1099
1827 227
1828 872
1829 570
1830 1332
1831 1402
1832 1158
1833 1822
1834 49
1835 619
1836 287
1837 138
1838 316
1839 267
1840 1769
1841 1710
1842 987
1843 600
1844 470
1845 694
1846 573
1847 505
1848 228
1849 1526
1850 589
1851 1739
1852 1376
1853 107
1854 1203
1855 473
1856 963
1857 52
1858 36
1859 1113
1860 1811
1861 1598
1862 618
1863 1846
1864 726
1865 733
1866 1260
1867 478
1868 1215
1869 1776
1870 495
1871 339
1872 129
1873 1024
1874 1766
1875 1676
1876 1130
1877 11
1878 945
1879 1288
1880 916
1881 480
1882 838
1883 366
1884 290
1885 204
1886 1137
1887 1861
1888 323
1889 1298
1890 523
1891 64
1892 29
1893 1121
1894 1880
1895 44
1896 678
1897 33
1898 1434
1899 453
1900 1363
1901 1063
1902 900
1903 1105
1904 1500
1905 350
1906 767
1907 533
1908 1513
1909 221
1910 1432
1911 1207
1912 1833
1913 1054
1914 1653
1915 458
1916 1602
1917 1083
1918 1263
1919 1466
1920 399
1921 1809
1922 1184
1923 1692
1924 1816
1925 702
1926 1375
1927 361
1928 703
1929 361
1930 893
1931 1212
1932 793
1933 1658
1934 1197
1935 36
1936 477
1937 265
1938 114
1939 1566
1940 838
1941 1459
1942 717
1943 1423
1944 1931
1945 653
1946 1940
1947 381
1948 1142
1949 1229
1950 241
1951 1538
1952 103
1953 306
1954 1696
1955 677
1956 324
1957 133
1958 787
1959 1659
1960 249
1961 186
1962 1841
1963 1460
1964 1228
1965 370
1966 1035
1967 1549
1968 1328
1969 691
1970 1749
1971 632
1972 666
1973 237
1974 1566
1975 663
1976 1450
1977 1900
1978 1204
1979 30
1980 1138
1981 1672
1982 223
1983 661
1984 701
1985 1381
1986 817
1987 609
1988 699
1989 686
1990 76
1991 824
1992 1696
1993 982
1994 743
1995 1742
1996 1052
1997 280
1998 1926
1999 570
2000 911
2001 863
2002 1772
2003 88
2004 823
2005 960
2006 1917
2007 493
2008 1211
2009 428
2010 381
2011 1665
2012 1818
2013 528
2014 1063
2015 43
2016 1890
2017 122
2018 1052
2019 963
2020 1086
2021 1309
2022 755
2023 737
2024 1926
2025 1474
2026 923
2027 859
2028 1892
2029 1957
2030 1972
2031 1230
2032 433
2033 424
2034 1859
2035 959
2036 1124
2037 1258
2038 462
2039 1864
2040 1060
2041 711
2042 320
2043 516
2044 1897
2045 1106
2046 1155
2047 1970
2048 1678
2049 968
2050 1404
2051 385
2052 1387
2053 277
2054 324
2055 192
2056 1817
2057 1202
2058 1547
2059 1638
2060 2024
2061 2034
2062 1514
2063 407
2064 454
2065 57
2066 541
2067 372
2068 1078
2069 982
2070 1880
2071 517
2072 366
2073 1815
2074 495
2075 1924
2076 1122
2077 770
2078 347
2079 812
2080 662
2081 647
2082 872
2083 1636
2084 827
2085 1543
2086 1638
2087 2002
2088 334
2089 821
2090 1139
2091 505
2092 474
2093 1867
2094 575
2095 973
2096 1683
2097 1931
2098 1189
2099 335
2100 1764
2101 1360
2102 1064
2103 1984
2104 1279
2105 1411
2106 985
2107 516
2108 1452
2109 2021
2110 1288
2111 1428
2112 848
2113 510
2114 1697
2115 1812
2116 811
2117 1138
2118 1689
2119 1658
2120 2040
2121 1728
2122 946
2123 822
2124 430
2125 954
2126 140
2127 2084
2128 1019
2129 742
2130 1666
2131 825
2132 1689
2133 1944
2134 596
2135 116
2136 1555
2137 1995
2138 710
2139 205
2140 956
2141 24
2142 1679
2143 1029
2144 1149
2145 92
2146 525
2147 421
2148 1532
2149 229
2150 794
2151 61
2152 1879
2153 569
2154 1559
2155 1018
2156 1959
2157 1135
2158 1320
2159 1084
2160 138
2161 1093
2162 909
2163 1805
2164 648
2165 2054
2166 1172
2167 262
2168 61
2169 1946
2170 1565
2171 103
2172 825
2173 1015
2174 1403
2175 343
2176 586
2177 243
2178 1936
2179 237
2180 675
2181 937
2182 2129
2183 1056
2184 2019
2185 597
2186 506
2187 31
2188 2063
2189 1254
2190 1309
2191 1892
2192 2147
2193 255
2194 1637
2195 1538
2196 679
2197 1915
2198 977
2199 1720
2200 1670
2201 1552
2202 2179
2203 898
2204 1615
2205 1562
2206 1084
2207 2094
2208 129
2209 715
2210 2030
2211 2040
2212 751
2213 1210
2214 15
2215 507
2216 1051
2217 1782
2218 2186
2219 1622
2220 1043
2221 2079
2222 1028
2223 1976
2224 1969
2225 2039
2226 267
2227 764
2228 2025
2229 62
2230 778
2231 1975
2232 774
2233 448
2234 1645
2235 1607
2236 816
2237 1469
2238 1388
2239 1550
2240 2111
2241 2036
2242 981
2243 600
2244 2000
2245 2088
2246 884
2247 501
2248 846
2249 1271
2250 1039
2251 2182
2252 1884
2253 1018
2254 1183
2255 20
2256 1022
2257 2133
2258 1317
2259 1575
2260 646
2261 1352
2262 1118
2263 1248
2264 1028
2265 1308
2266 468
2267 112
2268 268
2269 208
2270 920
2271 2165
2272 1721
2273 1494
2274 647
2275 2230
2276 2067
2277 1462
2278 818
2279 85
2280 62
2281 470
2282 1125
2283 584
2284 9
2285 1006
2286 1082
2287 88
2288 1835
2289 117
2290 2026
2291 1780
2292 1343
2293 1872
2294 1097
2295 794
2296 444
2297 203
2298 1452
2299 886
2300 1241
2301 1294
2302 562
2303 428
2304 1911
2305 1127
2306 958
2307 1033
2308 1796
2309 1974
2310 817
2311 1073
2312 2155
2313 1307
2314 845
2315 620
2316 988
2317 143
2318 1471
2319 1564
2320 247
2321 1584
2322 1323
2323 1710
2324 646
2325 1510
2326 2063
2327 13
2328 438
2329 556
2330 314
2331 2326
2332 2177
2333 1006
2334 1423
2335 1211
2336 1456
2337 2288
2338 444
2339 670
2340 64
2341 499
2342 1970
2343 1224
2344 112
2345 1117
2346 1919
2347 1539
2348 1308
2349 1037
2350 540
2351 662
2352 1186
2353 410
2354 112
2355 943
2356 268
2357 2242
2358 100
2359 1243
2360 193
2361 1535
2362 45
2363 1923
2364 863
2365 1273
2366 1628
2367 1351
2368 1379
2369 1794
2370 132
2371 2150
2372 752
2373 1879
2374 1175
2375 1274
2376 813
2377 904
2378 1508
2379 97
2380 1521
2381 657
2382 287
2383 1105
2384 481
2385 1826
2386 1332
2387 782
2388 1408
2389 787
2390 460
2391 1481
2392 2205
2393 1217
2394 227
2395 1479
2396 1026
2397 1056
2398 1398
2399 780
2400 287
2401 987
2402 696
2403 1945
2404 1110
2405 455
2406 1261
2407 491
2408 398
2409 387
2410 2093
2411 2047
2412 1044
2413 2040
2414 1664
2415 257
2416 1044
2417 1770
2418 1660
2419 1307
2420 99
2421 2310
2422 1274
2423 188
2424 1636
2425 548
2426 82
2427 729
2428 1905
2429 767
2430 1514
2431 1953
2432 386
2433 599
2434 2373
2435 1339
2436 2119
2437 263
2438 1888
2439 1650
2440 1371
2441 1416
2442 15
2443 2439
2444 1958
2445 190
2446 1562
2447 1328
2448 1813
2449 1027
2450 47
2451 1870
2452 2232
2453 1542
2454 2171
2455 582
2456 1687
2457 941
2458 821
2459 179
2460 115
2461 653
2462 717
2463 1358
2464 1553
2465 1851
2466 1641
2467 995
2468 2004
2469 1683
2470 1183
2471 1870
2472 1605
2473 1748
2474 1780
2475 2279
2476 1123
2477 1532
2478 1673
2479 1254
2480 1056
2481 1275
2482 1300
2483 606
2484 966
2485 941
2486 886
2487 1469
2488 1992
2489 1931
2490 1484
2491 999
2492 302
2493 1664
2494 197
2495 75
2496 2218
2497 534
2498 2008
2499 261
2500 1899
2501 872
2502 1242
2503 1868
2504 1395
2505 667
2506 737
2507 705
2508 1287
2509 1532
2510 1212
2511 2460
2512 876
2513 472
2514 1248
2515 2494
2516 1959
2517 1527
2518 2265
2519 444
2520 719
2521 1813
2522 1150
2523 263
2524 2363
2525 2339
2526 676
2527 2495
2528 205
2529 425
2530 1527
2531 2041
2532 1467
2533 1937
2534 2325
2535 195
2536 2086
2537 1043
2538 595
2539 730
2540 1618
2541 1739
2542 576
2543 1612
2544 2061
2545 659
2546 26
2547 1566
2548 1719
2549 2088
2550 933
2551 331
2552 1949
2553 1072
2554 2096
2555 514
2556 389
2557 511
2558 463
2559 434
2560 579
2561 621
2562 539
2563 1862
2564 740
2565 720
2566 430
2567 2069
2568 66
2569 1901
2570 489
2571 1848
2572 1813
2573 198
2574 2282
2575 189
2576 1089
2577 2543
2578 1255
2579 1930
2580 92
2581 1004
2582 1602
2583 1873
2584 646
2585 1429
2586 628
2587 2031
2588 1765
2589 2319
2590 1252
2591 171
2592 1898
2593 1699
2594 569
2595 74
2596 1492
2597 140
2598 1560
2599 1911
2600 2187
2601 2591
2602 1990
2603 1675
2604 869
2605 1528
2606 1570
2607 579
2608 425
2609 978
2610 1968
2611 1936
2612 184
2613 1584
2614 1640
2615 2364
2616 2577
2617 2528
2618 1010
2619 248
2620 126
2621 1981
2622 2194
2623 1846
2624 1674
2625 1221
2626 881
2627 1543
2628 1090
2629 637
2630 441
2631 2139
2632 129
2633 2067
2634 777
2635 984
2636 6
2637 657
2638 1536
2639 172
2640 642
2641 902
2642 1701
2643 2638
2644 998
2645 2366
2646 649
2647 1101
2648 1394
2649 2588
2650 569
2651 1935
2652 138
2653 1435
2654 298
2655 2288
2656 581
2657 481
2658 2165
2659 1634
2660 1000
2661 1791
2662 138
2663 2226
2664 1124
2665 1335
2666 2161
2667 1661
2668 411
2669 1331
2670 1274
2671 2183
2672 713
2673 2393
2674 2545
2675 1113
2676 527
2677 616
2678 236
2679 2658
2680 1476
2681 989
2682 331
2683 81
2684 1582
2685 1311
2686 2482
2687 1718
2688 2189
2689 601
2690 2081
2691 1477
2692 774
2693 2609
2694 780
2695 1023
2696 2358
2697 2304
2698 553
2699 140
2700 2515
2701 1523
2702 843
2703 2217
2704 357
2705 1661
2706 1261
2707 1603
2708 870
2709 761
2710 1333
2711 1747
2712 17
2713 1381
2714 225
2715 2042
2716 1188
2717 965
2718 549
2719 449
2720 2296
2721 1006
2722 800
2723 275
2724 1308
2725 2186
2726 2430
2727 1260
2728 2607
2729 1430
2730 1414
2731 994
2732 2079
2733 371
2734 1554
2735 1720
2736 997
2737 2552
2738 1174
2739 1436
2740 2689
2741 1170
2742 261
2743 1121
2744 687
2745 1815
2746 2383
2747 633
2748 222
2749 1641
2750 631
2751 2143
2752 1067
2753 2283
2754 328
2755 1432
2756 1510
2757 2227
2758 2122
2759 1043
2760 1395
2761 1065
2762 2753
2763 1319
2764 2521
2765 906
2766 854
2767 2331
2768 2547
2769 667
2770 2675
2771 2424
2772 234
2773 549
2774 2231
2775 1262
2776 1152
2777 1484
2778 1210
2779 2576
2780 912
2781 2095
2782 2754
2783 1860
2784 2001
2785 2373
2786 1963
2787 2120
2788 2207
2789 577
2790 2135
2791 183
2792 1974
2793 1705
2794 485
2795 161
2796 1255
2797 2317
2798 2087
2799 1556
2800 1982
2801 2628
2802 536
2803 2297
2804 1390
2805 2637
2806 95
2807 533
2808 21
2809 2402
2810 1506
2811 1490
2812 118
2813 993
2814 2281
2815 157
2816 502
2817 201
2818 2321
2819 1281
2820 2072
2821 2147
2822 942
2823 2231
2824 1922
2825 1519
2826 2317
2827 2701
2828 2448
2829 20
2830 2771
2831 748
2832 106
2833 2293
2834 2473
2835 502
2836 1926
2837 1295
2838 1978
2839 651
2840 1967
2841 881
2842 217
2843 799
2844 795
2845 2598
2846 954
2847 2366
2848 235
2849 1753
2850 2840
2851 2151
2852 2554
2853 654
2854 2163
2855 568
2856 2846
2857 2146
2858 2431
2859 1150
2860 1156
2861 1991
2862 429
2863 1948
2864 2675
2865 2008
2866 1422
2867 1802
2868 1306
2869 1180
2870 2680
2871 2575
2872 445
2873 549
2874 1390
2875 108
2876 2682
2877 1707
2878 533
2879 1415
2880 2636
2881 178
2882 493
2883 275
2884 1018
2885 346
2886 1092
2887 575
2888 1971
2889 255
2890 309
2891 468
2892 332
2893 77
2894 1108
2895 702
2896 206
2897 2560
2898 2678
2899 1920
2900 244
2901 1982
2902 1696
2903 2005
2904 1720
2905 2
2906 1351
2907 2338
2908 2222
2909 2189
2910 463
2911 1788
2912 1011
2913 2747
2914 1028
2915 382
2916 1313
2917 1182
2918 399
2919 840
2920 419
2921 1417
2922 1259
2923 1676
2924 1530
2925 87
2926 896
2927 260
2928 2117
2929 2650
2930 832
2931 1235
2932 2118
2933 2645
2934 2218
2935 1992
2936 882
2937 875
2938 2553
2939 1153
2940 511
2941 2390
2942 1464
2943 838
2944 1451
2945 275
2946 2815
2947 2435
2948 1728
2949 1003
2950 1103
2951 2385
2952 2485
2953 7
2954 1251
2955 180
2956 2129
2957 989
2958 1575
2959 1740
2960 183
2961 1993
2962 154
2963 1270
2964 2551
2965 599
2966 2029
2967 1749
2968 762
2969 2134
2970 2013
2971 1056
2972 972
2973 1919
2974 901
2975 2269
2976 2579
2977 1721
2978 1437
2979 2511
2980 1848
2981 1933
2982 842
2983 2869
2984 375
2985 457
2986 155
2987 936
2988 1703
2989 931
2990 1269
2991 2308
2992 2430
2993 503
2994 375
2995 2772
2996 2275
2997 300
2998 51
2999 2145
3000 910
3001 1046
3002 506
3003 266
3004 211
3005 2345
3006 571
3007 2853
3008 1179
3009 2965
3010 1193
3011 738
3012 1172
3013 804
3014 2357
3015 1327
3016 2653
3017 663
3018 2755
3019 1759
3020 1805
3021 2188
3022 401
3023 43
3024 662
3025 1854
3026 1780
3027 1013
3028 2405
3029 2934
3030 2658
3031 269
3032 2377
3033 1317
3034 688
3035 1327
3036 2453
3037 2465
3038 2499
3039 2787
3040 2477
3041 3037
3042 80
3043 2974
3044 624
3045 768
3046 1727
3047 1970
3048 980
3049 1819
3050 1893
3051 2044
3052 165
3053 1351
3054 2918
3055 234
3056 1955
3057 2154
3058 1149
3059 2261
3060 370
3061 564
3062 2826
3063 1725
3064 2251
3065 2587
3066 2708
3067 970
3068 442
3069 1922
3070 3004
3071 950
3072 1231
3073 2905
3074 387
3075 256
3076 1337
3077 531
3078 681
3079 1175
3080 2070
3081 1418
3082 2727
3083 497
3084 1149
3085 2368
3086 1089
3087 1522
3088 1526
3089 1762
3090 720
3091 85
3092 2754
3093 541
3094 1841
3095 2259
3096 2149
3097 239
3098 32
3099 512
3100 2285
3101 1991
3102 2868
3103 2189
3104 2605
3105 2455
3106 3092
3107 79
3108 2829
3109 1798
3110 1088
3111 1721
3112 1931
3113 991
3114 491
3115 1430
3116 1657
3117 1266
3118 366
3119 1292
3120 2298
3121 3093
3122 403
3123 3016
3124 2064
3125 2402
3126 933
3127 2138
3128 984
3129 490
3130 1726
3131 664
3132 527
3133 632
3134 2283
3135 2331
3136 2962
3137 2858
3138 1600
3139 1006
3140 2896
3141 2514
3142 1033
3143 2866
3144 1895
3145 190
3146 164
3147 858
3148 104
3149 1755
3150 1355
3151 1412
3152 724
3153 910
3154 1911
3155 1843
3156 609
3157 2205
3158 2449
3159 2233
3160 3138
3161 1625
3162 2295
3163 2380
3164 120
3165 1387
3166 1851
3167 2073
3168 2167
3169 963
3170 2143
3171 1060
3172 743
3173 2660
3174 2971
3175 732
3176 3141
3177 1213
3178 848
3179 2020
3180 1171
3181 1664
3182 1774
3183 1176
3184 2957
3185 2370
3186 2682
3187 485
3188 2888
3189 70
3190 1049
3191 2776
3192 2256
3193 2192
3194 620
3195 2897
3196 2924
3197 2000
3198 462
3199 1854
3200 255
3201 2653
3202 2778
3203 1522
3204 3019
3205 939
3206 738
3207 1287
3208 2532
3209 2377
3210 3032
3211 2744
3212 1707
3213 233
3214 2993
3215 1895
3216 338
3217 15
3218 2579
3219 758
3220 1989
3221 1014
3222 2734
3223 1331
3224 2483
3225 3110
3226 3033
3227 2908
3228 3148
3229 2990
3230 2447
3231 2660
3232 372
3233 622
3234 21
3235 2765
3236 1768
3237 2251
3238 980
3239 1087
3240 2128
3241 36
3242 34
3243 2721
3244 1464
3245 2752
3246 1032
3247 1089
3248 3110
3249 1825
3250 468
3251 1785
3252 1468
3253 878
3254 2310
3255 3176
3256 1431
3257 852
3258 1800
3259 1043
3260 402
3261 2039
3262 2901
3263 148
3264 1974
3265 2185
3266 133
3267 594
3268 2002
3269 2542
3270 2676
3271 46
3272 830
3273 1129
3274 1072
3275 2155
3276 1512
3277 3135
3278 266
3279 2338
3280 2158
3281 1220
3282 392
3283 1272
3284 413
3285 725
3286 2999
3287 1557
3288 3085
3289 3263
3290 1721
3291 2147
3292 2909
3293 2412
3294 298
3295 3275
3296 1886
3297 1031
3298 1298
3299 1806
3300 3168
3301 710
3302 2028
3303 2348
3304 2842
3305 45
3306 2665
3307 1925
3308 2288
3309 1422
3310 87
3311 794
3312 2077
3313 3111
3314 940
3315 406
3316 951
3317 2061
3318 738
3319 1538
3320 3026
3321 288
3322 2539
3323 647
3324 571
3325 1639
3326 165
3327 567
3328 2315
3329 3137
3330 1423
3331 110
3332 1085
3333 1262
3334 19
3335 2673
3336 2779
3337 981
3338 476
3339 2092
3340 1677
3341 2032
3342 1596
3343 178
3344 728
3345 3029
3346 2701
3347 2165
3348 359
3349 159
3350 542
3351 2996
3352 1913
3353 1869
3354 2889
3355 656
3356 2570
3357 2332
3358 1039
3359 979
3360 2062
3361 3303
3362 158
3363 559
3364 447
3365 747
3366 3220
3367 1831
3368 2082
3369 746
3370 1610
3371 1102
3372 2505
3373 991
3374 2353
3375 975
3376 429
3377 2725
3378 1904
3379 1656
3380 873
3381 898
3382 124
3383 1542
3384 491
3385 3340
3386 2546
3387 1959
3388 2008
3389 1051
3390 2591
3391 715
3392 1241
3393 2479
3394 3040
3395 1396
3396 1482
3397 2094
3398 1169
3399 2809
3400 3184
3401 1061
3402 3032
3403 3008
3404 2290
3405 628
3406 2840
3407 655
3408 3262
3409 1660
3410 1107
3411 1963
3412 2415
3413 2509
3414 2572
3415 1238
3416 1663
3417 343
3418 817
3419 1575
3420 790
3421 2252
3422 1028
3423 2174
3424 1506
3425 3111
3426 20
3427 2066
3428 2581
3429 469
3430 192
3431 850
3432 992
3433 2784
3434 197
3435 2996
3436 3326
3437 2685
3438 2400
3439 2325
3440 1022
3441 38
3442 1936
3443 962
3444 328
3445 1697
3446 2457
3447 36
3448 719
3449 2953
3450 16
3451 1650
3452 396
3453 2572
3454 3247
3455 1918
3456 1304
3457 2153
3458 3239
3459 1330
3460 1544
3461 879
3462 2703
3463 1846
3464 2572
3465 1079
3466 1514
3467 2716
3468 1176
3469 3064
3470 1242
3471 3272
3472 2311
3473 2014
3474 305
3475 2656
3476 2219
3477 3417
3478 230
3479 485
3480 1323
3481 25
3482 1536
3483 1815
3484 1513
3485 1414
3486 716
3487 2117
3488 2264
3489 2797
3490 2252
3491 19
3492 2771
3493 443
3494 1972
3495 1907
3496 1150
3497 1043
3498 556
3499 3190
3500 3498
3501 1970
3502 327
3503 1367
3504 3473
3505 2690
3506 999
3507 3207
3508 2752
3509 2631
3510 1880
3511 2673
3512 928
3513 1190
3514 383
3515 1148
3516 2417
3517 564
3518 535
3519 2301
3520 541
3521 3164
3522 2658
3523 2636
3524 3299
3525 2814
3526 753
3527 1574
3528 2324
3529 3470
3530 3446
3531 1108
3532 2394
3533 598
3534 1642
3535 989
3536 2601
3537 2306
3538 1759
3539 3376
3540 735
3541 2676
3542 3414
3543 1324
3544 3452
3545 551
3546 3365
3547 3024
3548 2305
3549 782
3550 1417
3551 455
3552 678
3553 2170
3554 2350
3555 2379
3556 909
3557 1559
3558 335
3559 3283
3560 2684
3561 2399
3562 1153
3563 680
3564 2261
3565 2323
3566 637
3567 2529
3568 692
3569 185
3570 1121
3571 2681
3572 1664
3573 3267
3574 429
3575 2743
3576 2799
3577 949
3578 1088
3579 2855
3580 315
3581 670
3582 2209
3583 1578
3584 3224
3585 944
3586 1331
3587 1801
3588 224
3589 2725
3590 3471
3591 426
3592 238
3593 987
3594 2450
3595 3190
3596 2515
3597 1235
3598 1671
3599 2726
3600 2440
3601 2586
3602 2774
3603 1053
3604 446
3605 2993
3606 2726
3607 2700
3608 38
3609 362
3610 2495
3611 413
3612 2016
3613 1728
3614 2554
3615 64
3616 490
3617 2335
3618 1653
3619 2148
3620 721
3621 451
3622 287
3623 1355
3624 1435
3625 3537
3626 3168
3627 790
3628 1712
3629 978
3630 1454
3631 2533
3632 1516
3633 2441
3634 2980
3635 1688
3636 668
3637 2718
3638 1716
3639 1163
3640 3115
3641 891
3642 1763
3643 1535
3644 219
3645 2990
3646 623
3647 2943
3648 2553
3649 2916
3650 3495
3651 3088
3652 2360
3653 3495
3654 3250
3655 3346
3656 1264
3657 1796
3658 3144
3659 608
3660 2789
3661 3019
3662 329
3663 3388
3664 2430
3665 1246
3666 3405
3667 517
3668 3053
3669 959
3670 3142
3671 2060
3672 3103
3673 1605
3674 2536
3675 2704
3676 881
3677 1526
3678 2141
3679 2172
3680 885
3681 3485
3682 3160
3683 1503
3684 1036
3685 1269
3686 3614
3687 714
3688 519
3689 1509
3690 2677
3691 2977
3692 3601
3693 979
3694 2253
3695 532
3696 3577
3697 768
3698 221
3699 352
3700 2790
3701 2828
3702 1496
3703 3079
3704 1904
3705 870
3706 1796
3707 2579
3708 3166
3709 412
3710 758
3711 3666
3712 1855
3713 1285
3714 2537
3715 2480
3716 2129
3717 1497
3718 144
3719 4
3720 2106
3721 3162
3722 1252
3723 462
3724 2958
3725 742
3726 3033
3727 2565
3728 600
3729 2851
3730 723
3731 703
3732 3546
3733 282
3734 2719
3735 935
3736 3500
3737 3599
3738 829
3739 1827
3740 1282
3741 62
3742 1434
3743 444
3744 1612
3745 3355
3746 2778
3747 3165
3748 628
3749 1498
3750 3189
3751 1891
3752 577
3753 2547
3754 2394
3755 2153
3756 2179
3757 1065
3758 2902
3759 2739
3760 3349
3761 779
3762 1632
3763 1106
3764 1793
3765 2118
3766 295
3767 3097
3768 2707
3769 114
3770 1786
3771 1131
3772 490
3773 2064
3774 2430
3775 97
3776 405
3777 2593
3778 2838
3779 564
3780 400
3781 1402
3782 1142
3783 1034
3784 899
3785 1633
3786 883
3787 1997
3788 1175
3789 1021
3790 316
3791 1374
3792 154
3793 3216
3794 3511
3795 221
3796 3153
3797 1129
3798 2763
3799 1657
3800 1442
3801 2714
3802 3468
3803 759
3804 835
3805 2400
3806 2777
3807 498
3808 1736
3809 3250
3810 3392
3811 3492
3812 3582
3813 1928
3814 2264
3815 3216
3816 1402
3817 3273
3818 3129
3819 225
3820 91
3821 2369
3822 195
3823 2673
3824 1778
3825 1513
3826 1046
3827 1549
3828 1476
3829 3036
3830 1059
3831 1139
3832 2394
3833 1236
3834 2962
3835 1155
3836 1530
3837 3654
3838 408
3839 1600
3840 1323
3841 1051
3842 351
3843 2251
3844 1075
3845 907
3846 2305
3847 2252
3848 101
3849 1120
3850 2929
3851 1862
3852 2727
3853 821
3854 1707
3855 911
3856 754
3857 3849
3858 1627
3859 2632
3860 2489
3861 112
3862 2531
3863 2618
3864 1507
3865 431
3866 620
3867 3811
3868 2663
3869 2647
3870 3674
3871 1991
3872 1944
3873 1801
3874 3209
3875 2125
3876 398
3877 1228
3878 434
3879 2309
3880 2914
3881 287
3882 2744
3883 131
3884 1362
3885 2738
3886 2875
3887 509
3888 929
3889 2157
3890 2630
3891 2854
3892 1165
3893 3654
3894 3417
3895 2846
3896 3219
3897 86
3898 280
3899 2679
3900 2243
3901 1339
3902 829
3903 2697
3904 1121
3905 502
3906 1032
3907 644
3908 1965
3909 2396
3910 2791
3911 872
3912 2852
3913 3896
3914 3463
3915 1886
3916 1807
3917 3605
3918 427
3919 973
3920 145
3921 1064
3922 914
3923 2868
3924 118
3925 317
3926 3801
3927 1297
3928 484
3929 142
3930 1030
3931 2056
3932 3859
3933 1721
3934 2684
3935 889
3936 447
3937 912
3938 62
3939 2758
3940 3504
3941 2070
3942 587
3943 1597
3944 1673
3945 849
3946 1030
3947 274
3948 3269
3949 1379
3950 1427
3951 3277
3952 1067
3953 1409
3954 164
3955 1416
3956 49
3957 272
3958 3463
3959 2351
3960 3396
3961 119
3962 3617
3963 1104
3964 2191
3965 962
3966 2834
3967 147
3968 2904
3969 1293
3970 3915
3971 2114
3972 3379
3973 1079
3974 1420
3975 413
3976 2829
3977 3905
3978 1799
3979 244
3980 2249
3981 2445
3982 3634
3983 1903
3984 3424
3985 2956
3986 3433
3987 2015
3988 520
3989 3556
3990 249
3991 2516
3992 2659
3993 3701
3994 2457
3995 579
3996 3794
3997 1796
3998 40
3999 2229
4000 1462
4001 589
4002 3013
4003 3890
4004 2137
4005 2821
4006 1505
4007 2948
4008 64
4009 4008
4010 3290
4011 3568
4012 3343
4013 1282
4014 3096
4015 3575
4016 1228
4017 70
4018 3590
4019 716
4020 2100
4021 3360
4022 3963
4023 890
4024 2355
4025 823
4026 3706
4027 1712
4028 2646
4029 1624
4030 2885
4031 3250
4032 1361
4033 2151
4034 506
4035 2068
4036 431
4037 1691
4038 3653
4039 1856
4040 2497
4041 3277
4042 3727
4043 688
4044 1928
4045 2163
4046 2661
4047 3098
4048 3828
4049 1673
4050 3827
4051 484
4052 3614
4053 3649
4054 1522
4055 658
4056 1439
4057 3761
4058 581
4059 3350
4060 2575
4061 2917
4062 1067
4063 1086
4064 3033
4065 3601
4066 298
4067 3843
4068 2727
4069 1248
4070 1407
4071 1939
4072 1890
4073 3131
4074 1197
4075 1285
4076 2209
4077 3312
4078 813
4079 1748
4080 1278
4081 3796
4082 2506
4083 2847
4084 3723
4085 2487
4086 1533
4087 224
4088 1485
4089 202
4090 3195
4091 447
4092 1850
4093 779
4094 810
4095 2152
4096 2424
4097 3579
4098 46
4099 3922
4100 1094
4101 2906
4102 961
4103 3663
4104 3904
4105 1143
4106 1993
4107 1269
4108 364
4109 1282
4110 3668
4111 2120
4112 2477
4113 1232
4114 2651
4115 3583
4116 677
4117 812
4118 1843
4119 2897
4120 3743
4121 59
4122 3993
4123 3554
4124 3152
4125 3297
4126 2391
4127 1296
4128 632
4129 3940
4130 3189
4131 1830
4132 3750
4133 4131
4134 2831
4135 1023
4136 1613
4137 3526
4138 4052
4139 2618
4140 1260
4141 559
4142 2338
4143 2096
4144 2071
4145 1131
4146 544
4147 2088
4148 2684
4149 1183
4150 1653
4151 3088
4152 2439
4153 371
4154 3829
4155 351
4156 1255
4157 1833
4158 2988
4159 755
4160 562
4161 2865
4162 2618
4163 2327
4164 4006
4165 1750
4166 937
4167 3961
4168 677
4169 2702
4170 1416
4171 1234
4172 2123
4173 84
4174 1700
4175 2414
4176 1181
4177 939
4178 1917
4179 1816
4180 2417
4181 2957
4182 3540
4183 2911
4184 237
4185 2928
4186 680
4187 2928
4188 2956
4189 3596
4190 855
4191 2515
4192 1336
4193 616
4194 1517
4195 2122
4196 871
4197 2331
4198 1940
4199 740
4200 3448
4201 3074
4202 3687
4203 3581
4204 1804
4205 1158
4206 1276
4207 189
4208 2793
4209 995
4210 1859
4211 1645
4212 3624
4213 1364
4214 4051
4215 3530
4216 3420
4217 2607
4218 3083
4219 3034
4220 1078
4221 718
4222 2240
4223 1938
4224 2817
4225 2278
4226 3486
4227 1079
4228 343
4229 303
4230 527
4231 3205
4232 2648
4233 1993
4234 2745
4235 891
4236 4174
4237 1812
4238 2687
4239 1299
4240 886
4241 2164
4242 4100
4243 1299
4244 2977
4245 341
4246 1947
4247 2408
4248 2347
4249 977
4250 1949
4251 2897
4252 3012
4253 1405
4254 48
4255 1964
4256 1382
4257 3078
4258 4151
4259 2145
4260 3786
4261 1937
4262 559
4263 3261
4264 2011
4265 727
4266 636
4267 3642
4268 1019
4269 1367
4270 2140
4271 1178
4272 3182
4273 1884
4274 2859
4275 3990
4276 3633
4277 2205
4278 444
4279 3801
4280 370
4281 3046
4282 2099
4283 4071
4284 897
4285 2547
4286 4174
4287 2777
4288 3272
4289 969
4290 277
4291 3414
4292 2864
4293 1110
4294 2338
4295 2837
4296 1620
4297 3694
4298 4100
4299 2816
4300 318
4301 3935
4302 2645
4303 3372
4304 2956
4305 2663
4306 3264
4307 3428
4308 574
4309 3216
4310 1427
4311 1988
4312 2633
4313 3443
4314 3028
4315 1795
4316 1327
4317 2177
4318 3151
4319 799
4320 3562
4321 3583
4322 2673
4323 3908
4324 228
4325 432
4326 1823
4327 4297
4328 1182
4329 256
4330 3673
4331 4078
4332 1042
4333 3561
4334 34
4335 2757
4336 238
4337 1345
4338 1981
4339 1972
4340 3658
4341 645
4342 3216
4343 1393
4344 3100
4345 199
4346 2236
4347 731
4348 1227
4349 3936
4350 4283
4351 3989
4352 1740
4353 3066
4354 3743
4355 2240
4356 655
4357 1593
4358 956
4359 1137
4360 2022
4361 3789
4362 3905
4363 1287
4364 1235
4365 3817
4366 2107
4367 1579
4368 368
4369 1764
4370 2538
4371 3992
4372 1437
4373 501
4374 2150
4375 2324
4376 1840
4377 2009
4378 1929
4379 243
4380 57
4381 4324
4382 3631
4383 1534
4384 3631
4385 2386
4386 1014
4387 1781
4388 2457
4389 686
4390 1416
4391 1682
4392 3905
4393 4372
4394 3397
4395 795
4396 225
4397 3120
4398 580
4399 2532
4400 854
4401 3
4402 524
4403 673
4404 3166
4405 94
4406 3464
4407 505
4408 1471
4409 3283
4410 3647
4411 4248
4412 4388
4413 3224
4414 3788
4415 2323
4416 2896
4417 1537
4418 52
4419 2282
4420 4066
4421 1791
4422 2454
4423 3953
4424 4025
4425 143
4426 756
4427 996
4428 1658
4429 4327
4430 189
4431 4098
4432 1567
4433 4374
4434 2755
4435 1589
4436 4384
4437 3554
4438 1476
4439 635
4440 2540
4441 4353
4442 4023
4443 1219
4444 2827
4445 4324
4446 3930
4447 1843
4448 479
4449 1203
4450 2187
4451 3737
4452 3373
4453 1826
4454 3167
4455 3523
4456 3621
4457 1682
4458 1738
4459 2837
4460 2478
4461 3014
4462 3485
4463 3732
4464 327
4465 463
4466 37
4467 2488
4468 981
4469 756
4470 3129
4471 3606
4472 1798
4473 2324
4474 4294
4475 2686
4476 3910
4477 2978
4478 2518
4479 1907
4480 2603
4481 3233
4482 3123
4483 1969
4484 4071
4485 1415
4486 1459
4487 1704
4488 2441
4489 3172
4490 3469
4491 3397
4492 1746
4493 3902
4494 2825
4495 3671
4496 1186
4497 900
4498 2467
4499 2866
4500 4424
4501 1968
4502 2032
4503 890
4504 2814
4505 96
4506 38
4507 1564
4508 1992
4509 385
4510 752
4511 2423
4512 875
4513 192
4514 1752
4515 4030
4516 3966
4517 1086
4518 127
4519 623
4520 1109
4521 4225
4522 3518
4523 3277
4524 3757
4525 342
4526 2057
4527 4112
4528 2528
4529 3326
4530 4179
4531 3667
4532 192
4533 1006
4534 200
4535 3115
4536 3331
4537 934
4538 1870
4539 3135
4540 2526
4541 3898
4542 422
4543 3061
4544 4081
4545 3923
4546 37
4547 198
4548 729
4549 966
4550 4106
4551 3360
4552 3750
4553 1311
4554 1884
4555 4476
4556 1165
4557 4258
4558 1910
4559 3938
4560 1196
4561 2143
4562 145
4563 3716
4564 702
4565 2395
4566 4207
4567 3780
4568 2039
4569 255
4570 219
4571 2214
4572 466
4573 458
4574 1274
4575 4320
4576 4528
4577 3309
4578 287
4579 3040
4580 1182
4581 1222
4582 1205
4583 1242
4584 1483
4585 2500
4586 2272
4587 3101
4588 62
4589 1370
4590 2314
4591 803
4592 2851
4593 1801
4594 635
4595 3670
4596 3967
4597 3466
4598 1446
4599 3276
4600 815
4601 2376
4602 2509
4603 1473
4604 4422
4605 1555
4606 3766
4607 2430
4608 76
4609 3586
4610 3462
4611 1892
4612 288
4613 4355
4614 3177
4615 625
4616 4515
4617 733
4618 2007
4619 4013
4620 2692
4621 352
4622 2268
4623 701
4624 819
4625 1518
4626 1419
4627 985
4628 2423
4629 726
4630 3890
4631 275
4632 2993
4633 4006
4634 2713
4635 2707
4636 3799
4637 1625
4638 1040
4639 4599
4640 1712
4641 2181
4642 2023
4643 3367
4644 56
4645 2865
4646 2539
4647 1652
4648 1386
4649 2682
4650 1846
4651 1510
4652 2242
4653 2276
4654 3899
4655 4188
4656 115
4657 348
4658 995
4659 898
4660 801
4661 1815
4662 794
4663 834
4664 2161
4665 3196
4666 3524
4667 2005
4668 1781
4669 817
4670 4066
4671 2062
4672 1958
4673 3519
4674 2200
4675 1004
4676 1179
4677 2517
4678 3320
4679 4250
4680 2002
4681 4457
4682 702
4683 4277
4684 4372
4685 219
4686 3813
4687 1354
4688 3194
4689 1157
4690 3590
4691 3284
4692 3902
4693 1046
4694 4178
4695 4348
4696 4380
4697 4126
4698 2673
4699 4067
4700 2469
4701 4227
4702 393
4703 3088
4704 2302
4705 3638
4706 3172
4707 525
4708 4066
4709 2201
4710 1494
4711 1096
4712 1658
4713 1382
4714 2374
4715 2585
4716 4276
4717 3407
4718 3724
4719 874
4720 266
4721 455
4722 3056
4723 4447
4724 4117
4725 2535
4726 1735
4727 21
4728 1461
4729 3282
4730 2079
4731 730
4732 2377
4733 2836
4734 1408
4735 3450
4736 1561
4737 3401
4738 1290
4739 4456
4740 856
4741 3721
4742 2315
4743 2032
4744 3189
4745 3795
4746 4728
4747 660
4748 1474
4749 3633
4750 3930
4751 4080
4752 508
4753 869
4754 4161
4755 27
4756 3587
4757 2953
4758 571
4759 1728
4760 79
4761 2889
4762 1375
4763 3150
4764 2694
4765 1129
4766 3013
4767 1415
4768 3715
4769 4150
4770 231
4771 81
4772 1734
4773 1726
4774 4728
4775 407
4776 3787
4777 784
4778 1982
4779 1230
4780 1140
4781 2959
4782 3759
4783 544
4784 96
4785 2170
4786 1618
4787 4188
4788 4625
4789 481
4790 240
4791 2467
4792 4299
4793 990
4794 885
4795 667
4796 1306
4797 4520
4798 4288
4799 1352
4800 431
4801 1585
4802 1688
4803 1477
4804 1157
4805 2016
4806 4555
4807 968
4808 2259
4809 4710
4810 403
4811 433
4812 3079
4813 521
4814 61
4815 433
4816 3528
4817 1301
4818 3875
4819 3739
4820 1157
4821 1630
4822 1791
4823 2418
4824 1477
4825 4351
4826 1856
4827 4745
4828 4354
4829 2070
4830 778
4831 1601
4832 3922
4833 4569
4834 324
4835 2666
4836 2780
4837 3602
4838 647
4839 1260
4840 4071
4841 968
4842 1861
4843 4432
4844 3308
4845 2925
4846 3690
4847 2233
4848 4830
4849 932
4850 1163
4851 619
4852 847
4853 4650
4854 339
4855 2506
4856 157
4857 1217
4858 2085
4859 483
4860 2078
4861 3465
4862 4458
4863 2320
4864 3058
4865 642
4866 2487
4867 287
4868 1577
4869 3233
4870 4416
4871 4100
4872 4848
4873 52
4874 4083
4875 2297
4876 948
4877 2368
4878 392
4879 2484
4880 2818
4881 1769
4882 3180
4883 3191
4884 2721
4885 1885
4886 1999
4887 3974
4888 3366
4889 1486
4890 541
4891 1964
4892 3217
4893 2791
4894 3502
4895 4187
4896 3555
4897 4382
4898 3443
4899 706
4900 4456
4901 2683
4902 3925
4903 2380
4904 246
4905 4883
4906 3708
4907 477
4908 2845
4909 4256
4910 4260
4911 991
4912 2252
4913 4691
4914 3204
4915 1649
4916 37
4917 3363
4918 3891
4919 3536
4920 1141
4921 2939
4922 2036
4923 1146
4924 703
4925 4527
4926 3951
4927 3632
4928 1371
4929 944
4930 407
4931 3984
4932 1806
4933 3508
4934 1178
4935 467
4936 4398
4937 1698
4938 346
4939 3816
4940 359
4941 2301
4942 4130
4943 4117
4944 3678
4945 2103
4946 1357
4947 3772
4948 3092
4949 4385
4950 3587
4951 3967
4952 1416
4953 3975
4954 1855
4955 2081
4956 2920
4957 1882
4958 129
4959 4577
4960 1305
4961 2441
4962 678
4963 485
4964 33
4965 3592
4966 3035
4967 552
4968 3124
4969 2020
4970 3467
4971 4261
4972 959
4973 563
4974 730
4975 4388
4976 3953
4977 2939
4978 3417
4979 2996
4980 1220
4981 3320
4982 4757
4983 2470
4984 3820
4985 4453
4986 2158
4987 1628
4988 2323
4989 3103
4990 4784
4991 2393
4992 4182
4993 2812
4994 3067
4995 2262
4996 1201
4997 2445
4998 1717
4999 2735
5000 4020
5001 3402
5002 1252
5003 4739
5004 1433
5005 3842
5006 236
5007 4759
5008 4260
5009 3342
5010 4590
5011 2008
5012 3444
5013 1787
5014 3979
5015 3089
5016 4375
5017 3502
5018 2781
5019 315
5020 2712
5021 159
5022 3018
5023 752
5024 543
5025 754
5026 133
5027 506
5028 3951
5029 2816
5030 1021
5031 2121
5032 2603
5033 4843
5034 4432
5035 1815
5036 2946
5037 77
5038 3940
5039 1344
5040 4713
5041 2136
5042 1541
5043 625
5044 3665
5045 3896
5046 4251
5047 910
5048 3159
5049 803
5050 702
5051 2061
5052 3145
5053 2200
5054 5019
5055 4042
5056 3765
5057 4177
5058 2950
5059 1361
5060 4620
5061 434
5062 3381
5063 1105
5064 3977
5065 1762
5066 3593
5067 3189
5068 447
5069 1763
5070 2717
5071 1459
5072 3973
5073 5040
5074 1583
5075 1188
5076 1067
5077 385
5078 2946
5079 2162
5080 4440
5081 758
5082 3490
5083 2878
5084 4134
5085 1479
5086 4746
5087 801
5088 3807
5089 4801
5090 270
5091 4807
5092 1194
5093 316
5094 2267
5095 2826
5096 2934
5097 3385
5098 396
5099 2946
5100 1241
5101 1644
5102 780
5103 3838
5104 2358
5105 850
5106 2911
5107 3245
5108 2533
5109 424
5110 265
5111 1188
5112 2805
5113 3502
5114 739
5115 2386
5116 1318
5117 3805
5118 1790
5119 5025
5120 4803
5121 1462
5122 73
5123 3667
5124 3738
5125 223
5126 2452
5127 2132
5128 3605
5129 811
5130 4819
5131 3763
5132 1049
5133 4313
5134 1255
5135 4928
5136 60
5137 1485
5138 2926
5139 3319
5140 3971
5141 4699
5142 4524
5143 2979
5144 1234
5145 3774
5146 1992
5147 4510
5148 1057
5149 2104
5150 1867
5151 4194
5152 1425
5153 642
5154 4453
5155 2461
5156 599
5157 4754
5158 948
5159 5096
5160 2764
5161 4999
5162 2459
5163 4900
5164 2743
5165 4870
5166 930
5167 1196
5168 1212
5169 442
5170 152
5171 1517
5172 2770
5173 4281
5174 3016
5175 4975
5176 2562
5177 4969
5178 3112
5179 191
5180 2403
5181 2934
5182 3230
5183 3318
5184 2354
5185 4152
5186 4064
5187 1113
5188 1817
5189 6
5190 3249
5191 3074
5192 4294
5193 962
5194 2541
5195 441
5196 629
5197 819
5198 2194
5199 3820
5200 165
5201 977
5202 2482
5203 4287
5204 2969
5205 1998
5206 525
5207 1677
5208 3586
5209 1564
5210 2864
5211 396
5212 5077
5213 1444
5214 1520
5215 2917
5216 3158
5217 2189
5218 2174
5219 1755
5220 2144
5221 3380
5222 3335
5223 2407
5224 2678
5225 2814
5226 2341
5227 4106
5228 5121
5229 1510
5230 4390
5231 777
5232 4696
5233 1834
5234 3189
5235 1225
5236 13
5237 3697
5238 1055
5239 1794
5240 2170
5241 3189
5242 4935
5243 3670
5244 5165
5245 4374
5246 2581
5247 4758
5248 516
5249 4795
5250 1605
5251 3360
5252 2013
5253 4492
5254 211
5255 395
5256 2403
5257 1616
5258 2111
5259 1035
5260 330
5261 3259
5262 2316
5263 1274
5264 4009
5265 325
5266 2080
5267 1705
5268 3886
5269 889
5270 2055
5271 4845
5272 3369
5273 1293
5274 4168
5275 968
5276 1087
5277 4723
5278 165
5279 4594
5280 2634
5281 572
5282 4694
5283 2919
5284 1511
5285 4103
5286 1954
5287 4949
5288 561
5289 1691
5290 2877
5291 1756
5292 4435
5293 2685
5294 1146
5295 2536
5296 5014
5297 820
5298 117
5299 808
5300 3451
5301 166
5302 1725
5303 3525
5304 1812
5305 1983
5306 3429
5307 1549
5308 2737
5309 860
5310 2754
5311 3194
5312 766
5313 110
5314 4333
5315 4591
5316 512
5317 3531
5318 773
5319 3104
5320 3598
5321 3406
5322 378
5323 4482
5324 2605
5325 4500
5326 4521
5327 3849
5328 1402
5329 1188
5330 4773
5331 1704
5332 4083
5333 895
5334 1463
5335 1866
5336 2322
5337 2984
5338 1243
5339 4094
5340 3358
5341 4940
5342 1831
5343 3919
5344 2137
5345 781
5346 4953
5347 3879
5348 980
5349 4308
5350 639
5351 2736
5352 3185
5353 5104
5354 4800
5355 1741
5356 4002
5357 2164
5358 2988
5359 316
5360 3242
5361 694
5362 1855
5363 2836
5364 4930
5365 4234
5366 3636
5367 1602
5368 3487
5369 2652
5370 1659
5371 1029
5372 3528
5373 1410
5374 623
5375 681
5376 3950
5377 3761
5378 1359
5379 961
5380 2276
5381 2125
5382 3201
5383 5192
5384 1851
5385 4388
5386 4014
5387 3291
5388 3484
5389 3148
5390 2239
5391 2054
5392 4151
5393 3782
5394 2953
5395 3271
5396 957
5397 4907
5398 2388
5399 5034
5400 2300
5401 3862
5402 3290
5403 419
5404 5068
5405 5015
5406 5004
5407 3948
5408 1980
5409 2499
5410 3453
5411 1476
5412 4202
5413 2421
5414 5046
5415 3876
5416 1038
5417 1480
5418 309
5419 2535
5420 801
5421 5052
5422 4993
5423 3558
5424 4412
5425 678
5426 3167
5427 3353
5428 751
5429 2067
5430 3719
5431 2420
5432 2747
5433 1791
5434 3914
5435 1061
5436 5130
5437 1703
5438 5353
5439 12
5440 3643
5441 4104
5442 3937
5443 3644
5444 5346
5445 3574
5446 815
5447 1357
5448 1408
5449 4790
5450 2157
5451 5207
5452 127
5453 3758
5454 2382
5455 106
5456 5255
5457 3576
5458 5369
5459 5183
5460 4385
5461 638
5462 33
5463 3015
5464 533
5465 3632
5466 3333
5467 3597
5468 1489
5469 1698
5470 4522
5471 3723
5472 3595
5473 4338
5474 298
5475 2269
5476 2903
5477 4075
5478 1813
5479 2520
5480 57
5481 3236
