4639
2 1
3 2
4 1
5 3
6 3
7 1
8 6
9 7
10 8
11 8
12 2
13 1
14 11
15 14
16 13
17 2
18 11
19 1
20 3
21 12
22 14
23 1
24 14
25 15
26 22
27 15
28 21
29 4
30 1
31 3
32 12
33 18
34 10
35 10
36 9
37 16
38 8
39 7
40 32
41 35
42 28
43 7
44 33
45 26
46 15
47 11
48 5
49 5
50 41
51 25
52 29
53 7
54 45
55 42
56 54
57 17
58 53
59 58
60 7
61 1
62 12
63 22
64 46
65 41
66 2
67 34
68 55
69 62
70 63
71 61
72 11
73 46
74 23
75 52
76 60
77 51
78 50
79 26
80 64
81 77
82 66
83 4
84 72
85 34
86 51
87 31
88 61
89 66
90 30
91 74
92 16
93 40
94 70
95 46
96 90
97 51
98 25
99 29
100 67
101 56
102 99
103 26
104 102
105 18
106 93
107 55
108 18
109 73
110 33
111 39
112 54
113 39
114 25
115 32
116 74
117 55
118 31
119 19
120 100
121 107
122 33
123 76
124 44
125 96
126 73
127 7
128 85
129 53
130 89
131 108
132 64
133 30
134 70
135 90
136 90
137 77
138 88
139 89
140 35
141 19
142 15
143 133
144 136
145 49
146 90
147 138
148 1
149 43
150 35
151 26
152 66
153 139
154 70
155 57
156 127
157 85
158 117
159 48
160 140
161 128
162 158
163 143
164 12
165 159
166 114
167 142
168 68
169 134
170 48
171 91
172 154
173 139
174 11
175 163
176 78
177 75
178 176
179 110
180 136
181 124
182 121
183 171
184 48
185 19
186 131
187 106
188 42
189 153
190 172
191 5
192 16
193 51
194 39
195 185
196 179
197 14
198 7
199 184
200 173
201 24
202 157
203 184
204 142
205 7
206 177
207 25
208 13
209 199
210 37
211 199
212 135
213 184
214 85
215 206
216 130
217 174
218 178
219 52
220 7
221 38
222 134
223 180
224 14
225 84
226 18
227 164
228 26
229 132
230 72
231 151
232 138
233 216
234 116
235 24
236 228
237 155
238 183
239 184
240 173
241 113
242 219
243 189
244 86
245 105
246 84
247 87
248 163
249 9
250 236
251 194
252 83
253 30
254 52
255 113
256 83
257 29
258 125
259 174
260 151
261 62
262 96
263 134
264 105
265 186
266 27
267 71
268 238
269 250
270 229
271 118
272 69
273 225
274 217
275 62
276 224
277 68
278 53
279 156
280 32
281 39
282 22
283 14
284 116
285 9
286 235
287 123
288 164
289 88
290 132
291 130
292 132
293 29
294 143
295 105
296 195
297 143
298 111
299 169
300 92
301 160
302 229
303 26
304 252
305 237
306 264
307 3
308 259
309 138
310 198
311 179
312 138
313 304
314 211
315 167
316 297
317 256
318 290
319 212
320 287
321 212
322 4
323 200
324 270
325 179
326 106
327 30
328 43
329 98
330 36
331 310
332 245
333 296
334 75
335 288
336 318
337 45
338 109
339 147
340 81
341 202
342 66
343 95
344 283
345 128
346 151
347 236
348 339
349 29
350 37
351 230
352 299
353 188
354 183
355 64
356 281
357 128
358 43
359 276
360 45
361 287
362 88
363 17
364 82
365 325
366 210
367 331
368 48
369 231
370 174
371 147
372 88
373 159
374 85
375 185
376 176
377 154
378 45
379 292
380 21
381 22
382 213
383 129
384 57
385 149
386 92
387 189
388 255
389 111
390 42
391 214
392 222
393 227
394 393
395 307
396 97
397 333
398 366
399 31
400 177
401 324
402 110
403 316
404 213
405 366
406 250
407 188
408 347
409 125
410 365
411 236
412 164
413 21
414 300
415 284
416 57
417 261
418 17
419 49
420 213
421 352
422 214
423 378
424 122
425 354
426 258
427 111
428 229
429 245
430 178
431 80
432 282
433 339
434 259
435 308
436 337
437 85
438 19
439 426
440 342
441 32
442 245
443 184
444 249
445 223
446 305
447 123
448 333
449 408
450 308
451 347
452 36
453 21
454 34
455 73
456 454
457 167
458 149
459 431
460 179
461 435
462 367
463 363
464 415
465 100
466 165
467 366
468 174
469 48
470 437
471 230
472 215
473 382
474 266
475 297
476 363
477 90
478 315
479 465
480 188
481 259
482 277
483 172
484 203
485 470
486 362
487 228
488 329
489 369
490 119
491 239
492 240
493 171
494 5
495 16
496 366
497 235
498 300
499 39
500 127
501 97
502 493
503 249
504 481
505 245
506 236
507 93
508 370
509 21
510 381
511 260
512 163
513 307
514 445
515 311
516 428
517 3
518 406
519 157
520 506
521 322
522 492
523 358
524 372
525 5
526 8
527 375
528 359
529 139
530 496
531 284
532 416
533 174
534 89
535 357
536 14
537 297
538 201
539 293
540 531
541 24
542 293
543 503
544 147
545 95
546 301
547 224
548 397
549 41
550 83
551 117
552 255
553 133
554 255
555 364
556 545
557 105
558 229
559 379
560 118
561 492
562 136
563 274
564 181
565 247
566 98
567 320
568 228
569 414
570 366
571 342
572 86
573 462
574 359
575 430
576 268
577 156
578 473
579 442
580 307
581 81
582 57
583 115
584 69
585 324
586 181
587 324
588 444
589 96
590 9
591 446
592 2
593 434
594 347
595 378
596 57
597 519
598 274
599 470
600 568
601 418
602 525
603 199
604 58
605 156
606 569
607 246
608 128
609 408
610 107
611 319
612 299
613 133
614 107
615 465
616 513
617 593
618 576
619 8
620 129
621 35
622 378
623 80
624 527
625 322
626 502
627 10
628 579
629 588
630 189
631 348
632 265
633 413
634 325
635 24
636 206
637 188
638 439
639 30
640 138
641 193
642 495
643 391
644 568
645 465
646 265
647 443
648 514
649 150
650 157
651 104
652 538
653 373
654 414
655 61
656 160
657 254
658 455
659 278
660 355
661 381
662 572
663 104
664 388
665 466
666 522
667 217
668 10
669 647
670 31
671 445
672 445
673 528
674 295
675 352
676 594
677 661
678 616
679 156
680 632
681 341
682 305
683 19
684 316
685 9
686 527
687 357
688 76
689 156
690 133
691 460
692 594
693 525
694 220
695 127
696 580
697 683
698 373
699 696
700 21
701 35
702 182
703 561
704 602
705 535
706 246
707 282
708 565
709 80
710 530
711 57
712 73
713 576
714 693
715 280
716 250
717 31
718 188
719 255
720 623
721 720
722 576
723 405
724 411
725 326
726 467
727 251
728 725
729 40
730 291
731 134
732 320
733 229
734 21
735 210
736 82
737 696
738 409
739 16
740 575
741 723
742 457
743 447
744 211
745 75
746 271
747 455
748 100
749 176
750 507
751 470
752 655
753 624
754 681
755 739
756 72
757 351
758 704
759 181
760 717
761 158
762 707
763 485
764 175
765 212
766 171
767 145
768 34
769 189
770 427
771 62
772 624
773 69
774 253
775 565
776 574
777 684
778 653
779 146
780 716
781 59
782 297
783 75
784 621
785 666
786 119
787 84
788 775
789 92
790 66
791 87
792 413
793 395
794 451
795 671
796 763
797 625
798 707
799 774
800 11
801 631
802 416
803 651
804 731
805 179
806 715
807 230
808 202
809 751
810 340
811 198
812 224
813 431
814 249
815 245
816 415
817 564
818 91
819 120
820 428
821 717
822 558
823 213
824 167
825 731
826 79
827 250
828 541
829 595
830 759
831 69
832 245
833 289
834 613
835 284
836 475
837 478
838 541
839 111
840 147
841 417
842 546
843 569
844 454
845 553
846 244
847 246
848 488
849 577
850 836
851 274
852 331
853 40
854 239
855 364
856 172
857 552
858 344
859 796
860 634
861 661
862 638
863 730
864 392
865 134
866 297
867 73
868 401
869 747
870 686
871 437
872 297
873 708
874 192
875 344
876 308
877 466
878 553
879 408
880 419
881 728
882 512
883 605
884 821
885 396
886 416
887 407
888 767
889 605
890 563
891 823
892 639
893 799
894 427
895 833
896 248
897 850
898 252
899 442
900 364
901 670
902 406
903 736
904 67
905 569
906 277
907 385
908 418
909 51
910 507
911 97
912 112
913 755
914 512
915 724
916 581
917 181
918 330
919 758
920 769
921 374
922 866
923 906
924 827
925 782
926 104
927 322
928 313
929 7
930 801
931 647
932 352
933 94
934 782
935 583
936 484
937 128
938 301
939 440
940 473
941 593
942 370
943 114
944 543
945 596
946 254
947 633
948 131
949 696
950 191
951 410
952 427
953 749
954 102
955 367
956 864
957 932
958 582
959 770
960 924
961 366
962 15
963 256
964 332
965 492
966 134
967 936
968 381
969 962
970 337
971 486
972 865
973 770
974 224
975 152
976 332
977 445
978 265
979 137
980 778
981 306
982 469
983 798
984 105
985 251
986 899
987 55
988 551
989 892
990 151
991 681
992 611
993 130
994 990
995 67
996 865
997 227
998 36
999 51
1000 649
1001 2
1002 256
1003 860
1004 903
1005 269
1006 910
1007 768
1008 275
1009 293
1010 620
1011 262
1012 696
1013 984
1014 328
1015 790
1016 581
1017 24
1018 779
1019 448
1020 968
1021 921
1022 829
1023 257
1024 792
1025 800
1026 114
1027 952
1028 526
1029 422
1030 73
1031 530
1032 54
1033 585
1034 329
1035 984
1036 90
1037 284
1038 940
1039 267
1040 984
1041 57
1042 13
1043 180
1044 579
1045 15
1046 153
1047 753
1048 282
1049 612
1050 375
1051 353
1052 933
1053 705
1054 781
1055 493
1056 358
1057 201
1058 856
1059 871
1060 260
1061 305
1062 1015
1063 289
1064 960
1065 566
1066 41
1067 158
1068 894
1069 89
1070 895
1071 484
1072 85
1073 838
1074 1072
1075 541
1076 1025
1077 194
1078 388
1079 87
1080 794
1081 346
1082 26
1083 104
1084 792
1085 376
1086 404
1087 382
1088 766
1089 950
1090 180
1091 491
1092 317
1093 862
1094 364
1095 79
1096 1095
1097 853
1098 108
1099 314
1100 473
1101 177
1102 290
1103 804
1104 23
1105 6
1106 286
1107 884
1108 833
1109 307
1110 9
1111 586
1112 452
1113 548
1114 489
1115 289
1116 365
1117 187
1118 131
1119 767
1120 513
1121 993
1122 621
1123 141
1124 340
1125 197
1126 19
1127 831
1128 19
1129 808
1130 68
1131 587
1132 162
1133 592
1134 661
1135 487
1136 937
1137 546
1138 787
1139 97
1140 272
1141 780
1142 778
1143 741
1144 1082
1145 503
1146 151
1147 739
1148 736
1149 85
1150 603
1151 734
1152 421
1153 753
1154 1043
1155 823
1156 585
1157 349
1158 778
1159 1138
1160 424
1161 1029
1162 228
1163 773
1164 891
1165 369
1166 881
1167 737
1168 964
1169 619
1170 915
1171 1121
1172 468
1173 634
1174 1090
1175 560
1176 1045
1177 1131
1178 24
1179 379
1180 126
1181 1041
1182 882
1183 49
1184 182
1185 608
1186 60
1187 512
1188 955
1189 325
1190 1155
1191 594
1192 174
1193 669
1194 448
1195 83
1196 326
1197 683
1198 739
1199 333
1200 1136
1201 286
1202 336
1203 361
1204 213
1205 1199
1206 996
1207 793
1208 752
1209 64
1210 626
1211 818
1212 750
1213 377
1214 390
1215 186
1216 377
1217 169
1218 399
1219 1121
1220 380
1221 691
1222 1041
1223 1146
1224 788
1225 1159
1226 1217
1227 480
1228 374
1229 715
1230 830
1231 381
1232 319
1233 781
1234 652
1235 202
1236 51
1237 252
1238 594
1239 144
1240 1051
1241 294
1242 965
1243 395
1244 281
1245 1176
1246 383
1247 975
1248 199
1249 1203
1250 715
1251 920
1252 953
1253 1071
1254 1054
1255 219
1256 18
1257 131
1258 835
1259 1066
1260 633
1261 165
1262 958
1263 1253
1264 945
1265 91
1266 1139
1267 8
1268 664
1269 1000
1270 1009
1271 865
1272 523
1273 818
1274 538
1275 782
1276 446
1277 569
1278 1005
1279 84
1280 1103
1281 467
1282 809
1283 765
1284 821
1285 1171
1286 818
1287 538
1288 1096
1289 1082
1290 261
1291 808
1292 899
1293 473
1294 264
1295 287
1296 1211
1297 479
1298 995
1299 1182
1300 107
1301 1012
1302 487
1303 1214
1304 177
1305 21
1306 139
1307 248
1308 572
1309 749
1310 729
1311 90
1312 1085
1313 952
1314 920
1315 1205
1316 1039
1317 550
1318 320
1319 106
1320 148
1321 42
1322 812
1323 1293
1324 950
1325 252
1326 537
1327 1206
1328 638
1329 210
1330 1282
1331 144
1332 1282
1333 1332
1334 1291
1335 921
1336 590
1337 21
1338 618
1339 1338
1340 768
1341 663
1342 789
1343 798
1344 205
1345 221
1346 1038
1347 133
1348 1311
1349 906
1350 468
1351 1338
1352 415
1353 1222
1354 227
1355 142
1356 1137
1357 968
1358 440
1359 1074
1360 334
1361 571
1362 1063
1363 531
1364 1020
1365 1148
1366 984
1367 772
1368 1205
1369 722
1370 774
1371 1317
1372 1337
1373 93
1374 1148
1375 301
1376 107
1377 388
1378 287
1379 900
1380 149
1381 758
1382 372
1383 963
1384 1190
1385 878
1386 351
1387 1289
1388 285
1389 145
1390 988
1391 566
1392 450
1393 649
1394 968
1395 914
1396 1208
1397 1383
1398 1027
1399 954
1400 355
1401 1270
1402 417
1403 413
1404 1073
1405 848
1406 1109
1407 1138
1408 622
1409 895
1410 241
1411 568
1412 117
1413 1216
1414 540
1415 662
1416 973
1417 269
1418 68
1419 120
1420 36
1421 1033
1422 119
1423 1046
1424 464
1425 182
1426 59
1427 924
1428 122
1429 219
1430 961
1431 1362
1432 96
1433 13
1434 986
1435 1238
1436 1189
1437 384
1438 1377
1439 1181
1440 129
1441 1162
1442 1258
1443 1066
1444 90
1445 1017
1446 184
1447 1009
1448 1400
1449 764
1450 432
1451 993
1452 1057
1453 1417
1454 706
1455 1027
1456 1120
1457 491
1458 1204
1459 127
1460 1178
1461 154
1462 1359
1463 440
1464 706
1465 430
1466 991
1467 398
1468 8
1469 1414
1470 1049
1471 744
1472 915
1473 410
1474 1469
1475 491
1476 1157
1477 422
1478 791
1479 1469
1480 256
1481 1421
1482 1237
1483 604
1484 997
1485 1267
1486 632
1487 117
1488 1354
1489 244
1490 52
1491 587
1492 903
1493 712
1494 1249
1495 1296
1496 1220
1497 287
1498 1392
1499 874
1500 866
1501 75
1502 144
1503 798
1504 502
1505 1045
1506 522
1507 1163
1508 887
1509 301
1510 1289
1511 919
1512 1182
1513 446
1514 203
1515 33
1516 1217
1517 799
1518 1376
1519 1049
1520 960
1521 863
1522 328
1523 792
1524 1521
1525 1338
1526 448
1527 1199
1528 312
1529 898
1530 1443
1531 681
1532 1038
1533 660
1534 1125
1535 1001
1536 613
1537 1178
1538 822
1539 1505
1540 181
1541 751
1542 1146
1543 1262
1544 187
1545 907
1546 233
1547 366
1548 1226
1549 151
1550 530
1551 232
1552 1435
1553 97
1554 357
1555 888
1556 700
1557 1172
1558 1280
1559 1110
1560 68
1561 1160
1562 1270
1563 527
1564 1212
1565 973
1566 606
1567 519
1568 845
1569 1530
1570 737
1571 944
1572 1227
1573 903
1574 470
1575 1409
1576 115
1577 570
1578 105
1579 837
1580 402
1581 427
1582 827
1583 666
1584 662
1585 1268
1586 1248
1587 353
1588 1158
1589 279
1590 826
1591 893
1592 946
1593 1278
1594 438
1595 412
1596 394
1597 973
1598 1115
1599 180
1600 371
1601 62
1602 1187
1603 1260
1604 908
1605 906
1606 950
1607 267
1608 265
1609 969
1610 45
1611 1501
1612 371
1613 809
1614 55
1615 49
1616 709
1617 142
1618 301
1619 889
1620 643
1621 1427
1622 581
1623 322
1624 394
1625 415
1626 8
1627 1434
1628 601
1629 29
1630 1143
1631 1342
1632 693
1633 799
1634 1068
1635 1628
1636 1252
1637 774
1638 114
1639 759
1640 29
1641 928
1642 107
1643 3
1644 1605
1645 865
1646 106
1647 1115
1648 497
1649 1316
1650 241
1651 1482
1652 408
1653 1357
1654 1380
1655 25
1656 535
1657 1647
1658 1359
1659 389
1660 238
1661 420
1662 939
1663 1183
1664 221
1665 1091
1666 656
1667 1339
1668 921
1669 977
1670 601
1671 1358
1672 1627
1673 1373
1674 40
1675 860
1676 1071
1677 1389
1678 484
1679 762
1680 180
1681 419
1682 32
1683 856
1684 26
1685 1237
1686 946
1687 163
1688 1040
1689 1521
1690 791
1691 1204
1692 948
1693 16
1694 975
1695 222
1696 403
1697 583
1698 776
1699 137
1700 870
1701 518
1702 578
1703 665
1704 867
1705 1276
1706 382
1707 727
1708 44
1709 708
1710 487
1711 1210
1712 1286
1713 263
1714 534
1715 1022
1716 854
1717 62
1718 1205
1719 133
1720 568
1721 921
1722 873
1723 1598
1724 176
1725 438
1726 1221
1727 1392
1728 1582
1729 199
1730 1291
1731 1314
1732 1597
1733 829
1734 356
1735 540
1736 845
1737 1564
1738 1660
1739 939
1740 260
1741 99
1742 1527
1743 597
1744 860
1745 1666
1746 430
1747 782
1748 377
1749 1593
1750 743
1751 211
1752 1642
1753 1604
1754 954
1755 1126
1756 1627
1757 333
1758 583
1759 444
1760 1023
1761 199
1762 644
1763 742
1764 1200
1765 238
1766 60
1767 1027
1768 986
1769 483
1770 1382
1771 970
1772 143
1773 1439
1774 669
1775 776
1776 1675
1777 1214
1778 136
1779 656
1780 825
1781 24
1782 1243
1783 1499
1784 406
1785 790
1786 699
1787 879
1788 1437
1789 530
1790 625
1791 1568
1792 543
1793 693
1794 569
1795 654
1796 515
1797 378
1798 522
1799 1344
1800 1369
1801 1035
1802 920
1803 1578
1804 558
1805 1531
1806 1453
1807 138
1808 1305
1809 1141
1810 1429
1811 1448
1812 896
1813 707
1814 831
1815 18
1816 1641
1817 755
1818 671
1819 1661
1820 796
1821 1138
1822 830
1823 1511
1824 1247
1825 1203
1826 538
1827 1402
1828 417
1829 1388
1830 23
1831 1095
1832 295
1833 983
1834 1405
1835 894
1836 1222
1837 1198
1838 1505
1839 1736
1840 21
1841 427
1842 1329
1843 475
1844 1710
1845 1312
1846 577
1847 1728
1848 1009
1849 917
1850 1482
1851 1733
1852 1127
1853 1524
1854 943
1855 426
1856 888
1857 1472
1858 571
1859 1272
1860 1615
1861 326
1862 1792
1863 1501
1864 1784
1865 1560
1866 1659
1867 532
1868 1003
1869 1669
1870 1548
1871 766
1872 1015
1873 358
1874 373
1875 1403
1876 52
1877 854
1878 1258
1879 69
1880 353
1881 937
1882 1430
1883 125
1884 1771
1885 1078
1886 803
1887 1411
1888 1850
1889 132
1890 696
1891 1874
1892 1626
1893 1703
1894 1128
1895 1836
1896 499
1897 1590
1898 410
1899 846
1900 1487
1901 1172
1902 762
1903 1865
1904 1539
1905 784
1906 1512
1907 1517
1908 342
1909 910
1910 1070
1911 51
1912 145
1913 418
1914 1206
1915 381
1916 1042
1917 892
1918 17
1919 1588
1920 1260
1921 1159
1922 871
1923 1726
1924 793
1925 48
1926 1130
1927 1081
1928 1044
1929 1027
1930 1187
1931 1761
1932 585
1933 1890
1934 1073
1935 1468
1936 1361
1937 815
1938 900
1939 1059
1940 427
1941 236
1942 775
1943 446
1944 527
1945 1422
1946 1675
1947 1862
1948 1861
1949 605
1950 168
1951 1843
1952 1127
1953 135
1954 1593
1955 428
1956 517
1957 1101
1958 1586
1959 1784
1960 1176
1961 1268
1962 1619
1963 86
1964 515
1965 961
1966 415
1967 1298
1968 1953
1969 274
1970 1673
1971 240
1972 1893
1973 1942
1974 1596
1975 1881
1976 1257
1977 1842
1978 473
1979 411
1980 26
1981 1046
1982 218
1983 1654
1984 890
1985 469
1986 776
1987 699
1988 233
1989 1045
1990 1118
1991 1654
1992 433
1993 290
1994 126
1995 386
1996 1069
1997 183
1998 712
1999 1634
2000 18
2001 1929
2002 335
2003 1514
2004 311
2005 524
2006 100
2007 1487
2008 596
2009 804
2010 1463
2011 179
2012 1246
2013 725
2014 607
2015 1898
2016 1084
2017 1981
2018 377
2019 1225
2020 1498
2021 1331
2022 1182
2023 218
2024 1868
2025 1171
2026 1136
2027 1965
2028 656
2029 361
2030 514
2031 1496
2032 1741
2033 1513
2034 1185
2035 1814
2036 437
2037 1883
2038 1387
2039 885
2040 581
2041 109
2042 527
2043 713
2044 624
2045 1033
2046 297
2047 1762
2048 1790
2049 1572
2050 1188
2051 697
2052 581
2053 530
2054 1835
2055 1349
2056 943
2057 163
2058 70
2059 1372
2060 1118
2061 2044
2062 1889
2063 87
2064 143
2065 1199
2066 1785
2067 1579
2068 1803
2069 1895
2070 1647
2071 1096
2072 1160
2073 242
2074 2014
2075 353
2076 480
2077 1238
2078 1477
2079 1661
2080 384
2081 1790
2082 8
2083 787
2084 1039
2085 108
2086 1147
2087 910
2088 1213
2089 1907
2090 81
2091 1007
2092 1681
2093 66
2094 1638
2095 269
2096 93
2097 1388
2098 445
2099 850
2100 1582
2101 618
2102 1085
2103 548
2104 949
2105 68
2106 193
2107 2048
2108 1342
2109 1956
2110 67
2111 220
2112 1006
2113 1089
2114 1796
2115 15
2116 1196
2117 334
2118 314
2119 703
2120 1105
2121 1518
2122 1062
2123 1370
2124 397
2125 1439
2126 1689
2127 1936
2128 1327
2129 1898
2130 1550
2131 1440
2132 1321
2133 804
2134 1747
2135 1126
2136 1876
2137 85
2138 1976
2139 252
2140 955
2141 234
2142 203
2143 631
2144 99
2145 1748
2146 2056
2147 1129
2148 805
2149 440
2150 802
2151 226
2152 1264
2153 175
2154 1726
2155 1129
2156 422
2157 193
2158 603
2159 1661
2160 1251
2161 1087
2162 1423
2163 932
2164 995
2165 202
2166 1737
2167 949
2168 1649
2169 1083
2170 199
2171 2139
2172 1403
2173 648
2174 724
2175 501
2176 134
2177 323
2178 1699
2179 1590
2180 1933
2181 275
2182 778
2183 2034
2184 1869
2185 653
2186 799
2187 1754
2188 2159
2189 962
2190 264
2191 651
2192 1601
2193 2073
2194 69
2195 319
2196 1080
2197 1288
2198 328
2199 390
2200 2162
2201 411
2202 1891
2203 1430
2204 926
2205 964
2206 1693
2207 1292
2208 743
2209 2103
2210 1299
2211 647
2212 1877
2213 1051
2214 2179
2215 1336
2216 260
2217 190
2218 1369
2219 1593
2220 1735
2221 1054
2222 205
2223 1963
2224 2033
2225 206
2226 817
2227 790
2228 1923
2229 910
2230 866
2231 2181
2232 599
2233 1983
2234 1522
2235 397
2236 1475
2237 2085
2238 775
2239 61
2240 718
2241 1253
2242 215
2243 841
2244 2044
2245 472
2246 686
2247 1664
2248 1326
2249 1899
2250 569
2251 955
2252 612
2253 844
2254 886
2255 620
2256 158
2257 225
2258 287
2259 942
2260 1769
2261 1310
2262 18
2263 1075
2264 1986
2265 357
2266 840
2267 583
2268 492
2269 1347
2270 1105
2271 1542
2272 303
2273 494
2274 753
2275 900
2276 13
2277 1937
2278 54
2279 2180
2280 1126
2281 389
2282 1147
2283 1128
2284 1558
2285 347
2286 1595
2287 213
2288 1728
2289 1416
2290 357
2291 1274
2292 766
2293 804
2294 912
2295 1783
2296 106
2297 1711
2298 984
2299 1641
2300 358
2301 1952
2302 2213
2303 986
2304 23
2305 1430
2306 2283
2307 1462
2308 1506
2309 293
2310 48
2311 1480
2312 738
2313 1034
2314 1009
2315 1346
2316 392
2317 528
2318 2155
2319 2022
2320 2093
2321 866
2322 2196
2323 1968
2324 1870
2325 1548
2326 980
2327 2
2328 307
2329 2162
2330 1946
2331 1099
2332 638
2333 1320
2334 1399
2335 1642
2336 150
2337 668
2338 432
2339 377
2340 284
2341 1618
2342 770
2343 1015
2344 981
2345 2293
2346 2331
2347 2229
2348 1678
2349 2162
2350 248
2351 938
2352 1087
2353 1608
2354 737
2355 1566
2356 698
2357 1684
2358 2250
2359 1139
2360 290
2361 122
2362 1955
2363 1870
2364 1638
2365 413
2366 553
2367 1540
2368 1923
2369 382
2370 5
2371 1181
2372 368
2373 1769
2374 775
2375 416
2376 1243
2377 271
2378 1973
2379 502
2380 1618
2381 1651
2382 1534
2383 1232
2384 1915
2385 1012
2386 563
2387 770
2388 300
2389 1866
2390 1409
2391 2290
2392 1911
2393 1171
2394 690
2395 1180
2396 402
2397 1440
2398 2207
2399 903
2400 1405
2401 2024
2402 2257
2403 1074
2404 1917
2405 738
2406 1318
2407 1644
2408 1463
2409 401
2410 982
2411 1120
2412 780
2413 79
2414 1438
2415 70
2416 302
2417 2024
2418 1692
2419 1610
2420 1423
2421 684
2422 496
2423 730
2424 2256
2425 519
2426 116
2427 1993
2428 727
2429 617
2430 601
2431 856
2432 1820
2433 1750
2434 276
2435 1622
2436 511
2437 1192
2438 921
2439 576
2440 167
2441 1901
2442 848
2443 775
2444 1681
2445 2296
2446 1473
2447 2441
2448 1689
2449 960
2450 263
2451 344
2452 940
2453 26
2454 98
2455 1606
2456 361
2457 1996
2458 400
2459 1114
2460 1183
2461 1159
2462 1999
2463 650
2464 2361
2465 965
2466 606
2467 472
2468 2105
2469 124
2470 242
2471 506
2472 2066
2473 567
2474 420
2475 1466
2476 772
2477 1891
2478 1200
2479 1833
2480 943
2481 1443
2482 2035
2483 654
2484 1992
2485 1445
2486 1877
2487 1209
2488 1610
2489 1910
2490 798
2491 1187
2492 828
2493 469
2494 1673
2495 2243
2496 2265
2497 864
2498 358
2499 212
2500 248
2501 1451
2502 660
2503 2322
2504 716
2505 142
2506 1165
2507 1399
2508 426
2509 322
2510 553
2511 2024
2512 1588
2513 394
2514 2352
2515 206
2516 2058
2517 148
2518 579
2519 2407
2520 620
2521 2442
2522 237
2523 2489
2524 1055
2525 33
2526 699
2527 1782
2528 2274
2529 975
2530 47
2531 861
2532 55
2533 1916
2534 1542
2535 2017
2536 1354
2537 997
2538 1360
2539 1902
2540 1976
2541 1541
2542 2280
2543 1068
2544 2267
2545 2534
2546 568
2547 1273
2548 1146
2549 1738
2550 1069
2551 1597
2552 2251
2553 1822
2554 795
2555 1220
2556 992
2557 1279
2558 1658
2559 782
2560 1935
2561 1070
2562 234
2563 2222
2564 1667
2565 153
2566 1962
2567 1246
2568 1112
2569 488
2570 275
2571 1911
2572 1736
2573 1746
2574 1912
2575 1488
2576 2146
2577 2037
2578 1372
2579 1987
2580 1468
2581 85
2582 1791
2583 2315
2584 1900
2585 999
2586 1173
2587 658
2588 340
2589 587
2590 2366
2591 1324
2592 1738
2593 249
2594 2413
2595 2510
2596 38
2597 1867
2598 1812
2599 714
2600 1266
2601 1638
2602 2030
2603 354
2604 2123
2605 112
2606 2449
2607 1980
2608 171
2609 2449
2610 1696
2611 904
2612 545
2613 1856
2614 2571
2615 1533
2616 2615
2617 407
2618 354
2619 1629
2620 1539
2621 2
2622 88
2623 1565
2624 2573
2625 2200
2626 731
2627 2330
2628 1030
2629 223
2630 723
2631 1362
2632 1816
2633 841
2634 1836
2635 99
2636 501
2637 1789
2638 2143
2639 388
2640 1951
2641 1467
2642 2376
2643 1412
2644 93
2645 318
2646 1197
2647 1029
2648 2215
2649 371
2650 525
2651 401
2652 121
2653 1431
2654 1410
2655 2074
2656 610
2657 988
2658 176
2659 1872
2660 1970
2661 58
2662 570
2663 2597
2664 141
2665 831
2666 36
2667 1254
2668 1222
2669 1248
2670 2411
2671 2408
2672 2612
2673 1309
2674 1674
2675 2081
2676 1808
2677 1290
2678 1151
2679 2037
2680 206
2681 31
2682 1994
2683 357
2684 2004
2685 203
2686 237
2687 814
2688 2137
2689 1802
2690 2605
2691 2152
2692 720
2693 2424
2694 438
2695 2639
2696 1521
2697 1262
2698 212
2699 1381
2700 1859
2701 730
2702 2635
2703 184
2704 314
2705 556
2706 1331
2707 2570
2708 145
2709 334
2710 118
2711 1722
2712 1781
2713 961
2714 1767
2715 932
2716 1801
2717 2373
2718 214
2719 287
2720 1524
2721 2079
2722 1733
2723 2561
2724 600
2725 2701
2726 2406
2727 151
2728 553
2729 1415
2730 2594
2731 613
2732 1728
2733 931
2734 477
2735 1677
2736 867
2737 152
2738 506
2739 605
2740 1275
2741 2583
2742 1051
2743 1969
2744 2166
2745 541
2746 168
2747 349
2748 2096
2749 2255
2750 1060
2751 2162
2752 772
2753 1071
2754 1758
2755 1575
2756 1946
2757 566
2758 2225
2759 1604
2760 1279
2761 2458
2762 537
2763 890
2764 763
2765 2005
2766 1604
2767 1349
2768 1379
2769 337
2770 2332
2771 366
2772 1647
2773 1965
2774 452
2775 580
2776 1562
2777 2093
2778 292
2779 1323
2780 2592
2781 951
2782 874
2783 2496
2784 2198
2785 2461
2786 2633
2787 407
2788 2461
2789 2507
2790 1579
2791 2549
2792 153
2793 1521
2794 1144
2795 1041
2796 1107
2797 2768
2798 910
2799 1283
2800 1091
2801 1816
2802 341
2803 402
2804 1394
2805 2238
2806 6
2807 769
2808 970
2809 2382
2810 282
2811 2130
2812 2247
2813 2630
2814 167
2815 2113
2816 2356
2817 9
2818 1838
2819 2588
2820 947
2821 2133
2822 1673
2823 2126
2824 334
2825 2629
2826 243
2827 1302
2828 1559
2829 2438
2830 927
2831 421
2832 447
2833 1203
2834 2503
2835 671
2836 1763
2837 1418
2838 2487
2839 1158
2840 1745
2841 166
2842 1458
2843 1120
2844 2160
2845 716
2846 1306
2847 293
2848 1142
2849 2216
2850 191
2851 1702
2852 1652
2853 314
2854 2457
2855 928
2856 2008
2857 1515
2858 2237
2859 913
2860 1886
2861 2840
2862 2372
2863 2401
2864 1280
2865 230
2866 923
2867 2430
2868 26
2869 784
2870 254
2871 2
2872 779
2873 2004
2874 1183
2875 1225
2876 399
2877 233
2878 2237
2879 1428
2880 2075
2881 406
2882 1317
2883 225
2884 1279
2885 2201
2886 85
2887 823
2888 2405
2889 2669
2890 696
2891 431
2892 1042
2893 2647
2894 83
2895 2453
2896 2832
2897 389
2898 2667
2899 1209
2900 197
2901 611
2902 1994
2903 663
2904 1719
2905 2794
2906 1193
2907 2500
2908 865
2909 1480
2910 1561
2911 2791
2912 558
2913 989
2914 2377
2915 2704
2916 2606
2917 1994
2918 1290
2919 1406
2920 882
2921 1088
2922 952
2923 1518
2924 2318
2925 2021
2926 2597
2927 1263
2928 577
2929 770
2930 1075
2931 1676
2932 1220
2933 1630
2934 527
2935 2690
2936 2745
2937 179
2938 231
2939 1084
2940 902
2941 1223
2942 995
2943 580
2944 1444
2945 420
2946 2825
2947 1907
2948 2802
2949 2324
2950 489
2951 1235
2952 291
2953 2077
2954 438
2955 1043
2956 2681
2957 1595
2958 146
2959 1765
2960 941
2961 2877
2962 2718
2963 131
2964 1735
2965 1166
2966 68
2967 913
2968 2857
2969 923
2970 1260
2971 1470
2972 2761
2973 1774
2974 1064
2975 1485
2976 1003
2977 1915
2978 1973
2979 1414
2980 2472
2981 201
2982 2497
2983 698
2984 2044
2985 1735
2986 2966
2987 709
2988 280
2989 1181
2990 182
2991 2168
2992 2862
2993 2822
2994 1530
2995 2987
2996 146
2997 2274
2998 1339
2999 2685
3000 2072
3001 2816
3002 1062
3003 633
3004 2351
3005 982
3006 2844
3007 2868
3008 21
3009 1857
3010 616
3011 2497
3012 54
3013 2844
3014 2969
3015 1614
3016 2226
3017 1953
3018 256
3019 1006
3020 2020
3021 1311
3022 1176
3023 2734
3024 702
3025 548
3026 1248
3027 1170
3028 2981
3029 2115
3030 1364
3031 1350
3032 703
3033 1970
3034 1619
3035 2007
3036 2242
3037 2900
3038 632
3039 1997
3040 1451
3041 219
3042 1356
3043 1192
3044 438
3045 2319
3046 1715
3047 2442
3048 1622
3049 1829
3050 2810
3051 215
3052 1216
3053 1897
3054 642
3055 1976
3056 2624
3057 2555
3058 2363
3059 1962
3060 1246
3061 38
3062 2074
3063 1225
3064 1998
3065 1748
3066 2493
3067 2925
3068 2243
3069 1469
3070 97
3071 1406
3072 1739
3073 505
3074 463
3075 1712
3076 2489
3077 2594
3078 1390
3079 2168
3080 2125
3081 2519
3082 1718
3083 1168
3084 261
3085 2513
3086 2947
3087 2914
3088 125
3089 1854
3090 606
3091 1168
3092 1662
3093 815
3094 2777
3095 1836
3096 2838
3097 3089
3098 2019
3099 258
3100 2980
3101 1465
3102 2564
3103 3087
3104 736
3105 1407
3106 267
3107 1458
3108 2398
3109 2052
3110 1628
3111 246
3112 1338
3113 1459
3114 2072
3115 1425
3116 2986
3117 2804
3118 701
3119 1335
3120 1970
3121 1799
3122 1200
3123 1350
3124 1217
3125 360
3126 1401
3127 289
3128 1651
3129 1110
3130 57
3131 1026
3132 2730
3133 3040
3134 1984
3135 1844
3136 2469
3137 2760
3138 1498
3139 938
3140 2517
3141 2966
3142 475
3143 1986
3144 386
3145 899
3146 610
3147 305
3148 1723
3149 1103
3150 2233
3151 1211
3152 2284
3153 1308
3154 1957
3155 3113
3156 778
3157 2307
3158 1059
3159 2151
3160 369
3161 1283
3162 1739
3163 1842
3164 920
3165 2126
3166 1499
3167 2238
3168 1705
3169 1530
3170 3035
3171 904
3172 413
3173 3084
3174 2647
3175 1849
3176 36
3177 2967
3178 2787
3179 465
3180 730
3181 2337
3182 1132
3183 780
3184 2377
3185 1160
3186 3038
3187 1232
3188 1632
3189 531
3190 2472
3191 2073
3192 2181
3193 793
3194 2410
3195 1876
3196 1972
3197 3192
3198 429
3199 2258
3200 314
3201 1256
3202 246
3203 305
3204 2251
3205 95
3206 2386
3207 122
3208 1153
3209 1371
3210 2858
3211 1233
3212 3132
3213 2082
3214 736
3215 1866
3216 504
3217 2621
3218 1049
3219 1712
3220 1118
3221 141
3222 1676
3223 2777
3224 2394
3225 940
3226 499
3227 970
3228 1910
3229 546
3230 1720
3231 1292
3232 3198
3233 1348
3234 1776
3235 1761
3236 2034
3237 714
3238 1743
3239 1565
3240 2013
3241 204
3242 2156
3243 1096
3244 1649
3245 187
3246 1849
3247 1473
3248 27
3249 840
3250 3212
3251 2014
3252 1063
3253 277
3254 2291
3255 576
3256 843
3257 684
3258 1694
3259 3051
3260 2090
3261 705
3262 631
3263 147
3264 774
3265 394
3266 3230
3267 1610
3268 3136
3269 3145
3270 2104
3271 1380
3272 3035
3273 441
3274 1151
3275 2607
3276 1209
3277 2105
3278 195
3279 1942
3280 1945
3281 608
3282 2419
3283 460
3284 2378
3285 1808
3286 1280
3287 722
3288 111
3289 730
3290 2445
3291 2257
3292 2800
3293 2241
3294 1655
3295 1504
3296 2093
3297 2851
3298 1553
3299 2015
3300 1317
3301 2993
3302 260
3303 1895
3304 1258
3305 2193
3306 42
3307 2856
3308 370
3309 1947
3310 3229
3311 1107
3312 2414
3313 1949
3314 3028
3315 2778
3316 388
3317 3172
3318 3095
3319 1477
3320 2516
3321 2374
3322 1892
3323 2044
3324 2910
3325 3009
3326 2041
3327 2294
3328 400
3329 3312
3330 534
3331 916
3332 1693
3333 2826
3334 2533
3335 1117
3336 92
3337 829
3338 1522
3339 2661
3340 758
3341 1183
3342 2641
3343 2318
3344 202
3345 1711
3346 509
3347 1714
3348 2109
3349 2180
3350 2219
3351 2042
3352 2314
3353 844
3354 520
3355 1089
3356 2816
3357 517
3358 1566
3359 1480
3360 2826
3361 2048
3362 2763
3363 1539
3364 2426
3365 890
3366 887
3367 2184
3368 2441
3369 2
3370 3116
3371 1281
3372 1714
3373 1362
3374 1872
3375 972
3376 3231
3377 1822
3378 2013
3379 2002
3380 2852
3381 1213
3382 1680
3383 252
3384 3168
3385 2402
3386 913
3387 2395
3388 2507
3389 1735
3390 115
3391 1321
3392 1854
3393 2374
3394 2469
3395 1258
3396 131
3397 320
3398 2093
3399 2064
3400 389
3401 1535
3402 1472
3403 66
3404 2677
3405 332
3406 1530
3407 1412
3408 699
3409 233
3410 2328
3411 908
3412 1679
3413 2316
3414 2544
3415 157
3416 1516
3417 3051
3418 774
3419 1582
3420 344
3421 1387
3422 535
3423 2469
3424 456
3425 3403
3426 1232
3427 2035
3428 407
3429 2289
3430 2294
3431 3359
3432 2164
3433 7
3434 2231
3435 103
3436 1753
3437 2929
3438 1320
3439 2886
3440 2235
3441 1506
3442 3377
3443 3200
3444 3059
3445 142
3446 2712
3447 1729
3448 115
3449 304
3450 2005
3451 675
3452 1552
3453 3287
3454 2680
3455 762
3456 2612
3457 610
3458 405
3459 812
3460 1952
3461 1312
3462 308
3463 322
3464 613
3465 2549
3466 1521
3467 838
3468 240
3469 1359
3470 1216
3471 322
3472 1074
3473 346
3474 2223
3475 3295
3476 1705
3477 2651
3478 1326
3479 3464
3480 612
3481 19
3482 585
3483 2539
3484 393
3485 3259
3486 1054
3487 2683
3488 2845
3489 1148
3490 1805
3491 465
3492 3214
3493 3415
3494 2731
3495 2311
3496 994
3497 1432
3498 878
3499 3432
3500 762
3501 1609
3502 654
3503 2584
3504 1598
3505 1328
3506 2933
3507 1734
3508 3190
3509 799
3510 3430
3511 2853
3512 1183
3513 2496
3514 2191
3515 2854
3516 1543
3517 2281
3518 445
3519 2314
3520 1868
3521 1721
3522 3234
3523 2343
3524 65
3525 3004
3526 844
3527 1666
3528 1571
3529 1132
3530 2888
3531 2008
3532 1853
3533 747
3534 1495
3535 2307
3536 2752
3537 1088
3538 2489
3539 678
3540 1826
3541 2110
3542 2743
3543 1186
3544 2243
3545 2529
3546 2811
3547 1967
3548 1235
3549 1403
3550 3187
3551 1363
3552 3485
3553 2475
3554 154
3555 1641
3556 1365
3557 360
3558 2761
3559 3068
3560 2954
3561 623
3562 1739
3563 1781
3564 743
3565 2281
3566 1104
3567 1012
3568 3180
3569 1348
3570 2207
3571 422
3572 2268
3573 2049
3574 902
3575 3040
3576 1555
3577 2739
3578 1604
3579 16
3580 1217
3581 414
3582 3301
3583 2202
3584 2425
3585 702
3586 2578
3587 1086
3588 3263
3589 2583
3590 2874
3591 2754
3592 2908
3593 1193
3594 697
3595 1609
3596 959
3597 1903
3598 1477
3599 946
3600 3464
3601 348
3602 3445
3603 133
3604 1168
3605 3317
3606 144
3607 2897
3608 1054
3609 785
3610 3112
3611 1498
3612 2301
3613 1793
3614 116
3615 1397
3616 2487
3617 2669
3618 1785
3619 98
3620 1944
3621 3515
3622 3202
3623 100
3624 2940
3625 9
3626 648
3627 1347
3628 748
3629 210
3630 827
3631 2731
3632 1506
3633 2201
3634 113
3635 552
3636 2947
3637 1379
3638 2329
3639 676
3640 3158
3641 1504
3642 831
3643 2083
3644 1612
3645 1336
3646 2039
3647 1033
3648 1175
3649 3609
3650 3187
3651 1706
3652 1105
3653 1327
3654 1120
3655 1986
3656 1283
3657 784
3658 1149
3659 3272
3660 2744
3661 2899
3662 2619
3663 3387
3664 2776
3665 548
3666 2935
3667 703
3668 1288
3669 412
3670 2037
3671 2913
3672 2492
3673 657
3674 1415
3675 603
3676 1403
3677 1512
3678 1171
3679 2905
3680 2896
3681 3543
3682 251
3683 2579
3684 570
3685 1300
3686 13
3687 3065
3688 970
3689 1917
3690 1008
3691 3040
3692 1674
3693 1424
3694 855
3695 266
3696 3012
3697 1565
3698 3176
3699 2695
3700 3036
3701 2426
3702 2487
3703 1696
3704 3278
3705 821
3706 2106
3707 1268
3708 1305
3709 157
3710 2656
3711 1948
3712 398
3713 2567
3714 402
3715 1389
3716 2952
3717 1690
3718 1028
3719 3094
3720 2694
3721 3525
3722 145
3723 177
3724 1169
3725 3179
3726 2112
3727 3376
3728 747
3729 2255
3730 2263
3731 1940
3732 673
3733 1606
3734 1644
3735 2876
3736 999
3737 1772
3738 1850
3739 2007
3740 156
3741 2593
3742 3331
3743 685
3744 3535
3745 3171
3746 1620
3747 60
3748 1637
3749 2583
3750 1147
3751 837
3752 2524
3753 3143
3754 293
3755 435
3756 116
3757 1565
3758 2065
3759 1906
3760 2935
3761 887
3762 2025
3763 3210
3764 3393
3765 3572
3766 305
3767 1459
3768 3585
3769 1910
3770 2560
3771 1285
3772 1904
3773 868
3774 839
3775 2993
3776 3676
3777 210
3778 1548
3779 1492
3780 1031
3781 3150
3782 2
3783 3037
3784 626
3785 2366
3786 2977
3787 2415
3788 36
3789 229
3790 2895
3791 651
3792 1598
3793 2151
3794 1730
3795 92
3796 1356
3797 1131
3798 3106
3799 1852
3800 2400
3801 774
3802 1358
3803 3490
3804 2394
3805 70
3806 116
3807 2979
3808 2169
3809 2706
3810 377
3811 2174
3812 1705
3813 1657
3814 2049
3815 1802
3816 3721
3817 3644
3818 2851
3819 555
3820 2980
3821 1810
3822 3598
3823 3559
3824 2693
3825 334
3826 260
3827 1852
3828 1437
3829 3057
3830 2791
3831 100
3832 1190
3833 165
3834 1440
3835 1587
3836 2886
3837 2926
3838 942
3839 3782
3840 2899
3841 2528
3842 3235
3843 2252
3844 2898
3845 2576
3846 2575
3847 192
3848 697
3849 2395
3850 1244
3851 1322
3852 428
3853 2287
3854 167
3855 1839
3856 1091
3857 546
3858 1337
3859 3369
3860 939
3861 339
3862 2102
3863 358
3864 46
3865 2663
3866 808
3867 2466
3868 3224
3869 972
3870 1245
3871 2383
3872 493
3873 2797
3874 3525
3875 20
3876 967
3877 1975
3878 2817
3879 2358
3880 2013
3881 2242
3882 1634
3883 3619
3884 1189
3885 2938
3886 1407
3887 3394
3888 1751
3889 1596
3890 147
3891 729
3892 2759
3893 3664
3894 2121
3895 2892
3896 3808
3897 2292
3898 1239
3899 1590
3900 687
3901 573
3902 515
3903 3432
3904 1103
3905 3131
3906 2974
3907 3250
3908 2988
3909 2499
3910 1405
3911 262
3912 150
3913 1795
3914 3640
3915 2416
3916 3788
3917 363
3918 234
3919 963
3920 769
3921 2752
3922 1126
3923 3721
3924 1517
3925 1612
3926 1592
3927 1359
3928 1596
3929 856
3930 1121
3931 999
3932 3266
3933 1073
3934 1335
3935 2276
3936 129
3937 1463
3938 2550
3939 3507
3940 1198
3941 210
3942 3078
3943 35
3944 1780
3945 3034
3946 3796
3947 603
3948 140
3949 2532
3950 3084
3951 2572
3952 1697
3953 2211
3954 773
3955 2624
3956 1642
3957 712
3958 994
3959 2151
3960 1407
3961 1988
3962 1765
3963 3618
3964 432
3965 153
3966 349
3967 2852
3968 2621
3969 1666
3970 597
3971 3365
3972 1703
3973 3133
3974 2665
3975 2192
3976 2383
3977 2246
3978 3168
3979 2476
3980 2642
3981 3616
3982 1726
3983 1582
3984 1492
3985 1813
3986 1237
3987 2755
3988 890
3989 1559
3990 3710
3991 3019
3992 2281
3993 2165
3994 3063
3995 1765
3996 3260
3997 2587
3998 1522
3999 887
4000 1811
4001 3041
4002 437
4003 1235
4004 2921
4005 1177
4006 3420
4007 3494
4008 2147
4009 854
4010 2034
4011 1799
4012 487
4013 2245
4014 2504
4015 3867
4016 3828
4017 817
4018 1628
4019 3261
4020 2577
4021 1232
4022 177
4023 1299
4024 2868
4025 3210
4026 3456
4027 897
4028 2810
4029 831
4030 813
4031 2201
4032 3597
4033 958
4034 2333
4035 2726
4036 2143
4037 481
4038 3306
4039 3256
4040 1833
4041 1742
4042 2557
4043 3512
4044 3143
4045 825
4046 477
4047 452
4048 1750
4049 3771
4050 917
4051 652
4052 1692
4053 1790
4054 3070
4055 3180
4056 239
4057 1566
4058 3958
4059 3159
4060 2281
4061 1052
4062 1730
4063 491
4064 1795
4065 2120
4066 2402
4067 1677
4068 1496
4069 529
4070 3641
4071 2727
4072 3427
4073 2385
4074 3952
4075 2474
4076 1351
4077 2135
4078 864
4079 1340
4080 31
4081 604
4082 2685
4083 273
4084 2137
4085 1544
4086 626
4087 2682
4088 1770
4089 3921
4090 744
4091 775
4092 309
4093 1676
4094 2180
4095 713
4096 24
4097 2199
4098 2505
4099 1842
4100 1838
4101 1090
4102 3152
4103 293
4104 2078
4105 3237
4106 3969
4107 1689
4108 920
4109 2836
4110 1239
4111 2524
4112 3370
4113 924
4114 1521
4115 706
4116 94
4117 1622
4118 1276
4119 687
4120 1172
4121 3694
4122 3054
4123 520
4124 330
4125 824
4126 290
4127 3349
4128 3734
4129 1358
4130 959
4131 3364
4132 3750
4133 1589
4134 2183
4135 408
4136 3815
4137 3789
4138 2543
4139 2421
4140 2804
4141 3829
4142 2981
4143 4015
4144 1158
4145 1955
4146 1043
4147 874
4148 810
4149 3014
4150 2756
4151 2800
4152 3787
4153 1683
4154 1643
4155 1531
4156 2518
4157 4094
4158 1224
4159 1389
4160 3985
4161 2159
4162 1957
4163 1420
4164 1140
4165 433
4166 4021
4167 3864
4168 104
4169 702
4170 3377
4171 105
4172 2904
4173 4155
4174 4170
4175 2946
4176 3694
4177 959
4178 2395
4179 4036
4180 3576
4181 3077
4182 3264
4183 2822
4184 3906
4185 168
4186 1597
4187 2496
4188 138
4189 2976
4190 3424
4191 1848
4192 298
4193 4147
4194 3194
4195 161
4196 2130
4197 3487
4198 3604
4199 3147
4200 677
4201 2772
4202 1124
4203 3869
4204 4065
4205 94
4206 1239
4207 1658
4208 244
4209 1570
4210 2389
4211 1305
4212 3564
4213 1484
4214 3521
4215 2519
4216 683
4217 1796
4218 2569
4219 3777
4220 1693
4221 443
4222 216
4223 2655
4224 1245
4225 1474
4226 2642
4227 1167
4228 2325
4229 3139
4230 80
4231 3938
4232 3798
4233 1351
4234 3686
4235 4049
4236 2220
4237 1438
4238 3560
4239 1575
4240 193
4241 3799
4242 1432
4243 124
4244 2151
4245 3952
4246 2433
4247 1219
4248 269
4249 2769
4250 1102
4251 3381
4252 1025
4253 3358
4254 3419
4255 604
4256 343
4257 814
4258 3899
4259 1994
4260 698
4261 3750
4262 2961
4263 1198
4264 1023
4265 1027
4266 2932
4267 3047
4268 165
4269 1172
4270 2126
4271 2070
4272 45
4273 3226
4274 449
4275 3217
4276 3734
4277 2493
4278 921
4279 1294
4280 2617
4281 1835
4282 2145
4283 1234
4284 3678
4285 782
4286 1093
4287 3073
4288 248
4289 3512
4290 1617
4291 2007
4292 1488
4293 324
4294 953
4295 3667
4296 723
4297 1473
4298 3065
4299 553
4300 2354
4301 4110
4302 1242
4303 253
4304 1324
4305 2036
4306 110
4307 165
4308 1073
4309 3880
4310 2979
4311 3177
4312 3504
4313 1771
4314 1121
4315 4112
4316 4075
4317 1397
4318 2968
4319 2499
4320 1698
4321 2467
4322 1999
4323 313
4324 2019
4325 4255
4326 3674
4327 686
4328 4324
4329 4242
4330 955
4331 4093
4332 843
4333 2867
4334 490
4335 1349
4336 1833
4337 504
4338 2874
4339 2399
4340 2955
4341 2087
4342 262
4343 646
4344 3235
4345 3771
4346 616
4347 1578
4348 2934
4349 3179
4350 2343
4351 1013
4352 2085
4353 3094
4354 3042
4355 1315
4356 3770
4357 2109
4358 126
4359 3631
4360 811
4361 3136
4362 488
4363 704
4364 1870
4365 3507
4366 4141
4367 3325
4368 3380
4369 1350
4370 646
4371 3275
4372 3661
4373 2546
4374 157
4375 2230
4376 3934
4377 1053
4378 3448
4379 76
4380 3199
4381 3886
4382 2680
4383 2711
4384 3812
4385 2818
4386 3915
4387 3129
4388 2548
4389 1847
4390 3708
4391 3039
4392 1440
4393 1005
4394 3759
4395 4095
4396 3626
4397 299
4398 3740
4399 4279
4400 755
4401 85
4402 2361
4403 3922
4404 3336
4405 3191
4406 900
4407 846
4408 3084
4409 3538
4410 229
4411 81
4412 4027
4413 1945
4414 3527
4415 2936
4416 4251
4417 986
4418 4144
4419 2180
4420 1426
4421 3061
4422 862
4423 2009
4424 1471
4425 999
4426 3085
4427 167
4428 4182
4429 4423
4430 793
4431 3423
4432 2510
4433 1256
4434 4209
4435 110
4436 3154
4437 4039
4438 4276
4439 3411
4440 3162
4441 3176
4442 999
4443 4393
4444 2839
4445 4205
4446 2968
4447 4371
4448 2022
4449 1805
4450 4389
4451 845
4452 1346
4453 4331
4454 3356
4455 4007
4456 3399
4457 72
4458 3671
4459 1819
4460 3933
4461 332
4462 2776
4463 444
4464 2986
4465 4055
4466 3901
4467 2232
4468 3999
4469 1245
4470 2278
4471 1662
4472 1862
4473 2331
4474 3147
4475 2559
4476 1429
4477 3313
4478 2626
4479 180
4480 659
4481 3867
4482 4317
4483 284
4484 4368
4485 902
4486 2013
4487 234
4488 1385
4489 1805
4490 4080
4491 489
4492 1904
4493 4245
4494 340
4495 3243
4496 4465
4497 3791
4498 4202
4499 880
4500 3506
4501 4413
4502 2328
4503 2387
4504 4410
4505 4461
4506 2249
4507 2683
4508 2081
4509 188
4510 2158
4511 3863
4512 2717
4513 2239
4514 3915
4515 2929
4516 116
4517 2690
4518 2536
4519 436
4520 2324
4521 4256
4522 2099
4523 3439
4524 3268
4525 736
4526 96
4527 4239
4528 1832
4529 2243
4530 2716
4531 3297
4532 3729
4533 1102
4534 3628
4535 267
4536 4178
4537 930
4538 618
4539 1485
4540 2507
4541 3657
4542 4335
4543 1133
4544 3594
4545 102
4546 1822
4547 4327
4548 781
4549 616
4550 4145
4551 3119
4552 3787
4553 4309
4554 103
4555 4203
4556 1836
4557 2426
4558 1261
4559 2623
4560 670
4561 4413
4562 118
4563 506
4564 1699
4565 3432
4566 3173
4567 4404
4568 3161
4569 1559
4570 3169
4571 2735
4572 2006
4573 1766
4574 3681
4575 1390
4576 3160
4577 609
4578 2481
4579 57
4580 2518
4581 250
4582 852
4583 1814
4584 4491
4585 3689
4586 2326
4587 4158
4588 125
4589 608
4590 29
4591 990
4592 618
4593 3776
4594 592
4595 1954
4596 704
4597 737
4598 3216
4599 1890
4600 2920
4601 930
4602 485
4603 1069
4604 796
4605 1603
4606 3083
4607 4136
4608 935
4609 3996
4610 3794
4611 2257
4612 2714
4613 1679
4614 43
4615 4351
4616 1063
4617 2478
4618 3759
4619 2622
4620 4569
4621 4247
4622 3401
4623 3290
4624 481
4625 3623
4626 232
4627 4353
4628 1116
4629 1731
4630 2495
4631 3090
4632 451
4633 375
4634 721
4635 4219
4636 1344
4637 3771
4638 1780
4639 513
