1446
2 1
3 2
4 2
5 2
6 5
7 1
8 7
9 2
10 8
11 1
12 7
13 1
14 1
15 7
16 14
17 9
18 5
19 17
20 9
21 8
22 11
23 2
24 19
25 24
26 8
27 3
28 12
29 17
30 25
31 3
32 25
33 26
34 32
35 2
36 7
37 35
38 30
39 15
40 26
41 2
42 28
43 13
44 11
45 24
46 35
47 4
48 30
49 23
50 7
51 29
52 6
53 11
54 52
55 15
56 44
57 46
58 57
59 17
60 12
61 16
62 9
63 54
64 62
65 19
66 33
67 19
68 6
69 27
70 55
71 32
72 3
73 34
74 48
75 66
76 27
77 59
78 62
79 31
80 39
81 65
82 55
83 44
84 26
85 63
86 66
87 23
88 29
89 22
90 63
91 85
92 66
93 29
94 70
95 60
96 9
97 96
98 24
99 19
100 48
101 57
102 3
103 97
104 76
105 75
106 86
107 60
108 6
109 103
110 55
111 31
112 4
113 56
114 81
115 40
116 65
117 9
118 100
119 104
120 93
121 47
122 87
123 70
124 24
125 71
126 19
127 47
128 32
129 19
130 23
131 93
132 106
133 76
134 28
135 98
136 81
137 116
138 107
139 43
140 126
141 109
142 80
143 15
144 72
145 130
146 30
147 70
148 46
149 98
150 76
151 148
152 62
153 10
154 109
155 150
156 15
157 14
158 125
159 56
160 7
161 91
162 102
163 82
164 109
165 49
166 21
167 81
168 154
169 29
170 101
171 127
172 42
173 111
174 30
175 89
176 171
177 82
178 32
179 142
180 137
181 82
182 160
183 38
184 59
185 3
186 36
187 127
188 3
189 148
190 7
191 179
192 25
193 106
194 131
195 23
196 28
197 29
198 98
199 108
200 122
201 21
202 28
203 69
204 190
205 120
206 90
207 76
208 90
209 84
210 125
211 135
212 5
213 34
214 207
215 97
216 21
217 119
218 6
219 54
220 109
221 206
222 116
223 149
224 45
225 67
226 135
227 151
228 145
229 96
230 117
231 116
232 229
233 71
234 138
235 76
236 15
237 102
238 179
239 31
240 185
241 66
242 122
243 184
244 232
245 208
246 64
247 22
248 205
249 3
250 160
251 38
252 201
253 71
254 21
255 112
256 122
257 177
258 207
259 93
260 13
261 194
262 99
263 3
264 140
265 252
266 263
267 179
268 245
269 267
270 172
271 138
272 246
273 266
274 62
275 243
276 249
277 193
278 19
279 228
280 235
281 15
282 273
283 18
284 262
285 109
286 134
287 106
288 76
289 11
290 103
291 62
292 97
293 7
294 262
295 116
296 30
297 124
298 167
299 189
300 13
301 213
302 252
303 103
304 61
305 229
306 101
307 220
308 147
309 79
310 38
311 287
312 6
313 134
314 12
315 153
316 146
317 221
318 172
319 262
320 304
321 24
322 54
323 256
324 63
325 111
326 18
327 262
328 216
329 50
330 176
331 319
332 69
333 61
334 30
335 181
336 281
337 36
338 92
339 334
340 324
341 55
342 302
343 140
344 318
345 284
346 137
347 245
348 229
349 312
350 214
351 296
352 156
353 21
354 224
355 291
356 349
357 350
358 226
359 165
360 256
361 3
362 294
363 240
364 65
365 333
366 90
367 4
368 249
369 26
370 317
371 273
372 183
373 183
374 131
375 103
376 135
377 257
378 293
379 233
380 220
381 348
382 135
383 112
384 332
385 4
386 43
387 257
388 277
389 167
390 7
391 367
392 43
393 263
394 47
395 192
396 6
397 5
398 274
399 1
400 361
401 273
402 82
403 39
404 217
405 109
406 269
407 342
408 136
409 406
410 304
411 286
412 162
413 231
414 238
415 403
416 21
417 163
418 93
419 238
420 352
421 316
422 279
423 100
424 191
425 91
426 68
427 106
428 212
429 318
430 156
431 151
432 127
433 392
434 74
435 241
436 6
437 119
438 123
439 325
440 227
441 397
442 382
443 253
444 289
445 287
446 80
447 32
448 429
449 401
450 306
451 340
452 160
453 352
454 176
455 156
456 62
457 216
458 24
459 409
460 174
461 135
462 28
463 244
464 257
465 212
466 357
467 437
468 171
469 326
470 298
471 281
472 244
473 210
474 177
475 215
476 365
477 55
478 197
479 340
480 43
481 378
482 203
483 125
484 69
485 247
486 129
487 261
488 174
489 121
490 327
491 277
492 412
493 207
494 431
495 331
496 113
497 164
498 316
499 359
500 413
501 261
502 360
503 306
504 16
505 230
506 422
507 299
508 148
509 69
510 418
511 298
512 317
513 334
514 194
515 203
516 86
517 205
518 433
519 295
520 27
521 237
522 342
523 476
524 508
525 428
526 476
527 341
528 254
529 500
530 529
531 497
532 233
533 499
534 428
535 425
536 102
537 279
538 205
539 87
540 148
541 145
542 365
543 505
544 172
545 456
546 213
547 289
548 234
549 207
550 317
551 487
552 250
553 33
554 541
555 292
556 389
557 529
558 350
559 497
560 517
561 55
562 239
563 501
564 133
565 245
566 429
567 261
568 6
569 558
570 447
571 350
572 546
573 355
574 122
575 296
576 125
577 174
578 219
579 544
580 536
581 441
582 100
583 562
584 42
585 13
586 136
587 250
588 566
589 240
590 55
591 213
592 574
593 119
594 154
595 434
596 457
597 306
598 447
599 453
600 50
601 18
602 437
603 266
604 67
605 157
606 443
607 210
608 151
609 125
610 106
611 97
612 110
613 126
614 81
615 320
616 603
617 527
618 265
619 612
620 322
621 184
622 204
623 93
624 595
625 369
626 540
627 243
628 420
629 128
630 157
631 80
632 56
633 210
634 132
635 267
636 171
637 536
638 361
639 137
640 9
641 327
642 425
643 533
644 322
645 321
646 518
647 289
648 511
649 194
650 151
651 436
652 481
653 640
654 155
655 291
656 475
657 48
658 171
659 307
660 440
661 657
662 394
663 83
664 319
665 88
666 454
667 152
668 52
669 456
670 245
671 325
672 22
673 583
674 216
675 556
676 317
677 440
678 541
679 356
680 333
681 164
682 376
683 109
684 453
685 132
686 91
687 589
688 522
689 503
690 498
691 627
692 405
693 139
694 412
695 436
696 635
697 523
698 468
699 215
700 59
701 640
702 365
703 361
704 170
705 390
706 695
707 85
708 424
709 120
710 695
711 190
712 250
713 174
714 464
715 677
716 150
717 407
718 348
719 112
720 130
721 64
722 523
723 568
724 347
725 134
726 288
727 627
728 686
729 580
730 1
731 401
732 488
733 322
734 73
735 213
736 503
737 721
738 340
739 588
740 96
741 507
742 670
743 492
744 262
745 321
746 51
747 45
748 269
749 377
750 300
751 161
752 576
753 403
754 676
755 334
756 60
757 541
758 12
759 292
760 623
761 203
762 448
763 594
764 472
765 636
766 288
767 487
768 236
769 520
770 568
771 299
772 451
773 594
774 559
775 402
776 39
777 372
778 51
779 68
780 525
781 47
782 321
783 389
784 753
785 720
786 403
787 586
788 312
789 632
790 47
791 315
792 103
793 373
794 264
795 482
796 388
797 39
798 256
799 221
800 311
801 687
802 334
803 739
804 92
805 760
806 599
807 83
808 686
809 263
810 635
811 680
812 138
813 542
814 530
815 346
816 344
817 200
818 142
819 355
820 9
821 753
822 407
823 202
824 116
825 101
826 750
827 791
828 451
829 407
830 796
831 63
832 776
833 297
834 283
835 303
836 645
837 695
838 379
839 677
840 467
841 96
842 93
843 177
844 753
845 272
846 684
847 568
848 665
849 530
850 547
851 415
852 238
853 356
854 327
855 20
856 822
857 677
858 272
859 819
860 475
861 231
862 578
863 217
864 629
865 458
866 43
867 348
868 385
869 704
870 708
871 407
872 837
873 334
874 744
875 555
876 698
877 423
878 415
879 580
880 792
881 851
882 312
883 367
884 528
885 674
886 788
887 871
888 876
889 557
890 359
891 147
892 624
893 730
894 531
895 397
896 702
897 645
898 893
899 541
900 642
901 48
902 386
903 282
904 212
905 313
906 394
907 360
908 890
909 61
910 345
911 489
912 681
913 868
914 530
915 351
916 634
917 803
918 885
919 784
920 595
921 32
922 526
923 277
924 612
925 871
926 158
927 868
928 103
929 343
930 716
931 766
932 851
933 79
934 170
935 702
936 653
937 147
938 862
939 451
940 438
941 676
942 335
943 83
944 584
945 411
946 522
947 272
948 276
949 869
950 607
951 622
952 198
953 281
954 727
955 857
956 616
957 473
958 487
959 763
960 2
961 6
962 625
963 686
964 17
965 740
966 901
967 794
968 479
969 534
970 403
971 750
972 89
973 804
974 326
975 629
976 399
977 677
978 51
979 760
980 783
981 762
982 158
983 342
984 788
985 816
986 677
987 882
988 166
989 428
990 674
991 700
992 983
993 741
994 94
995 401
996 16
997 968
998 131
999 589
1000 731
1001 676
1002 988
1003 758
1004 495
1005 366
1006 904
1007 344
1008 842
1009 383
1010 70
1011 297
1012 646
1013 93
1014 757
1015 803
1016 943
1017 47
1018 153
1019 654
1020 633
1021 142
1022 452
1023 23
1024 589
1025 852
1026 410
1027 942
1028 24
1029 886
1030 763
1031 847
1032 408
1033 559
1034 426
1035 198
1036 798
1037 70
1038 987
1039 631
1040 667
1041 970
1042 858
1043 98
1044 129
1045 713
1046 496
1047 611
1048 181
1049 899
1050 417
1051 814
1052 264
1053 942
1054 430
1055 921
1056 992
1057 91
1058 72
1059 9
1060 728
1061 714
1062 776
1063 502
1064 57
1065 755
1066 379
1067 653
1068 616
1069 532
1070 511
1071 817
1072 957
1073 1059
1074 1015
1075 371
1076 635
1077 711
1078 245
1079 857
1080 94
1081 785
1082 379
1083 450
1084 343
1085 546
1086 783
1087 324
1088 202
1089 864
1090 984
1091 464
1092 166
1093 861
1094 686
1095 779
1096 256
1097 469
1098 430
1099 175
1100 209
1101 470
1102 1005
1103 700
1104 981
1105 506
1106 497
1107 442
1108 879
1109 857
1110 868
1111 436
1112 705
1113 749
1114 1038
1115 725
1116 866
1117 754
1118 467
1119 979
1120 1109
1121 249
1122 348
1123 105
1124 978
1125 512
1126 322
1127 189
1128 427
1129 601
1130 434
1131 127
1132 867
1133 348
1134 500
1135 80
1136 1038
1137 969
1138 283
1139 388
1140 857
1141 355
1142 955
1143 547
1144 258
1145 546
1146 460
1147 87
1148 510
1149 747
1150 1078
1151 1118
1152 643
1153 281
1154 292
1155 677
1156 1079
1157 96
1158 715
1159 162
1160 155
1161 834
1162 1148
1163 920
1164 589
1165 784
1166 41
1167 866
1168 133
1169 55
1170 600
1171 393
1172 836
1173 37
1174 1113
1175 264
1176 679
1177 1113
1178 1142
1179 250
1180 455
1181 65
1182 183
1183 1051
1184 562
1185 40
1186 654
1187 532
1188 398
1189 776
1190 175
1191 1151
1192 618
1193 894
1194 983
1195 601
1196 758
1197 1111
1198 160
1199 103
1200 733
1201 316
1202 220
1203 362
1204 573
1205 602
1206 1146
1207 317
1208 1051
1209 362
1210 51
1211 605
1212 141
1213 402
1214 1174
1215 1085
1216 322
1217 1049
1218 832
1219 44
1220 681
1221 604
1222 205
1223 415
1224 984
1225 861
1226 399
1227 832
1228 260
1229 212
1230 648
1231 315
1232 239
1233 485
1234 991
1235 610
1236 312
1237 717
1238 107
1239 1140
1240 135
1241 238
1242 404
1243 244
1244 1235
1245 1086
1246 65
1247 508
1248 35
1249 85
1250 505
1251 514
1252 1092
1253 1226
1254 381
1255 531
1256 489
1257 324
1258 567
1259 472
1260 139
1261 1056
1262 188
1263 1133
1264 158
1265 1164
1266 938
1267 1177
1268 49
1269 93
1270 225
1271 873
1272 13
1273 166
1274 1034
1275 816
1276 637
1277 256
1278 412
1279 691
1280 933
1281 867
1282 1281
1283 168
1284 556
1285 218
1286 480
1287 211
1288 686
1289 1137
1290 160
1291 264
1292 657
1293 895
1294 671
1295 769
1296 718
1297 1078
1298 767
1299 425
1300 119
1301 1118
1302 73
1303 897
1304 250
1305 1029
1306 544
1307 1001
1308 409
1309 1021
1310 440
1311 1284
1312 930
1313 437
1314 531
1315 270
1316 1258
1317 285
1318 107
1319 814
1320 848
1321 281
1322 1258
1323 131
1324 647
1325 1056
1326 427
1327 448
1328 1106
1329 861
1330 872
1331 811
1332 502
1333 252
1334 1175
1335 807
1336 198
1337 571
1338 213
1339 1216
1340 396
1341 1217
1342 757
1343 966
1344 343
1345 188
1346 765
1347 417
1348 560
1349 742
1350 849
1351 276
1352 112
1353 509
1354 938
1355 825
1356 1124
1357 840
1358 1203
1359 488
1360 641
1361 949
1362 797
1363 864
1364 1180
1365 1092
1366 235
1367 291
1368 1104
1369 690
1370 1069
1371 168
1372 960
1373 1314
1374 796
1375 232
1376 96
1377 518
1378 525
1379 1285
1380 1070
1381 806
1382 1118
1383 854
1384 1334
1385 1256
1386 1160
1387 555
1388 958
1389 7
1390 451
1391 1315
1392 1148
1393 979
1394 669
1395 1260
1396 618
1397 634
1398 1164
1399 459
1400 222
1401 143
1402 648
1403 621
1404 438
1405 456
1406 1235
1407 618
1408 653
1409 41
1410 1216
1411 550
1412 1082
1413 1409
1414 1367
1415 320
1416 642
1417 619
1418 1315
1419 518
1420 1064
1421 488
1422 1041
1423 1027
1424 20
1425 562
1426 1133
1427 130
1428 671
1429 806
1430 491
1431 515
1432 106
1433 17
1434 1035
1435 456
1436 715
1437 1321
1438 471
1439 683
1440 1288
1441 989
1442 903
1443 1214
1444 898
1445 286
1446 82
