5060
2 1
3 1
4 3
5 3
6 2
7 1
8 7
9 2
10 8
11 4
12 7
13 11
14 10
15 7
16 8
17 9
18 10
19 12
20 2
21 7
22 6
23 2
24 6
25 18
26 2
27 25
28 1
29 17
30 22
31 3
32 21
33 11
34 10
35 4
36 16
37 35
38 37
39 31
40 4
41 9
42 28
43 26
44 39
45 43
46 30
47 41
48 40
49 28
50 25
51 37
52 36
53 48
54 13
55 35
56 24
57 7
58 8
59 58
60 22
61 46
62 61
63 57
64 33
65 39
66 27
67 54
68 42
69 25
70 39
71 31
72 19
73 48
74 40
75 41
76 58
77 75
78 9
79 21
80 68
81 41
82 50
83 36
84 25
85 35
86 12
87 14
88 59
89 22
90 86
91 1
92 39
93 48
94 71
95 48
96 39
97 25
98 22
99 54
100 11
101 12
102 46
103 35
104 45
105 62
106 50
107 30
108 89
109 72
110 8
111 15
112 73
113 75
114 87
115 39
116 29
117 26
118 24
119 38
120 79
121 47
122 10
123 58
124 28
125 21
126 58
127 1
128 53
129 79
130 13
131 60
132 51
133 36
134 22
135 29
136 26
137 67
138 129
139 48
140 119
141 22
142 69
143 24
144 64
145 4
146 48
147 80
148 32
149 60
150 20
151 145
152 54
153 56
154 60
155 30
156 37
157 28
158 108
159 17
160 59
161 50
162 31
163 139
164 91
165 157
166 165
167 38
168 159
169 155
170 67
171 72
172 143
173 69
174 68
175 115
176 51
177 142
178 98
179 28
180 77
181 72
182 141
183 136
184 81
185 114
186 84
187 170
188 112
189 71
190 55
191 50
192 66
193 154
194 122
195 87
196 184
197 59
198 126
199 155
200 20
201 62
202 20
203 41
204 83
205 65
206 115
207 199
208 9
209 62
210 170
211 134
212 167
213 125
214 89
215 160
216 4
217 208
218 97
219 149
220 94
221 102
222 174
223 140
224 107
225 3
226 91
227 132
228 16
229 41
230 207
231 143
232 181
233 20
234 179
235 73
236 59
237 232
238 37
239 74
240 155
241 212
242 42
243 85
244 38
245 51
246 208
247 138
248 42
249 54
250 87
251 226
252 186
253 153
254 133
255 110
256 73
257 216
258 242
259 189
260 176
261 65
262 105
263 3
264 210
265 120
266 172
267 184
268 259
269 33
270 170
271 178
272 58
273 58
274 6
275 210
276 268
277 126
278 102
279 5
280 85
281 247
282 213
283 241
284 271
285 270
286 29
287 118
288 67
289 272
290 258
291 223
292 59
293 255
294 45
295 95
296 44
297 287
298 178
299 218
300 154
301 125
302 47
303 258
304 217
305 213
306 77
307 296
308 3
309 116
310 27
311 70
312 88
313 233
314 203
315 158
316 286
317 151
318 138
319 289
320 19
321 95
322 221
323 5
324 90
325 299
326 170
327 172
328 53
329 33
330 73
331 7
332 47
333 176
334 220
335 220
336 171
337 272
338 58
339 61
340 125
341 228
342 93
343 247
344 137
345 259
346 109
347 11
348 245
349 175
350 314
351 275
352 231
353 104
354 250
355 37
356 130
357 237
358 108
359 60
360 104
361 282
362 345
363 227
364 95
365 112
366 215
367 207
368 284
369 352
370 234
371 102
372 234
373 229
374 223
375 313
376 9
377 342
378 71
379 368
380 38
381 240
382 367
383 101
384 82
385 352
386 330
387 340
388 321
389 279
390 137
391 29
392 288
393 182
394 141
395 5
396 37
397 141
398 371
399 118
400 119
401 124
402 353
403 191
404 40
405 234
406 405
407 77
408 200
409 279
410 398
411 386
412 158
413 218
414 114
415 283
416 202
417 383
418 295
419 67
420 85
421 244
422 104
423 47
424 121
425 347
426 241
427 32
428 1
429 103
430 375
431 279
432 391
433 66
434 137
435 108
436 214
437 187
438 331
439 299
440 307
441 94
442 405
443 76
444 317
445 415
446 75
447 296
448 174
449 260
450 14
451 273
452 408
453 117
454 7
455 235
456 188
457 314
458 257
459 295
460 444
461 455
462 272
463 8
464 229
465 436
466 89
467 110
468 190
469 287
470 306
471 383
472 426
473 338
474 472
475 154
476 466
477 461
478 292
479 198
480 423
481 136
482 55
483 31
484 284
485 438
486 310
487 327
488 200
489 482
490 303
491 16
492 158
493 121
494 101
495 467
496 102
497 148
498 497
499 422
500 208
501 236
502 342
503 485
504 501
505 327
506 289
507 118
508 240
509 165
510 139
511 374
512 114
513 389
514 239
515 501
516 432
517 86
518 487
519 222
520 107
521 460
522 245
523 350
524 26
525 472
526 362
527 520
528 291
529 231
530 171
531 426
532 398
533 296
534 40
535 27
536 412
537 243
538 213
539 370
540 460
541 80
542 509
543 509
544 125
545 507
546 55
547 546
548 392
549 539
550 111
551 127
552 508
553 426
554 7
555 400
556 526
557 76
558 367
559 174
560 18
561 555
562 215
563 236
564 223
565 241
566 540
567 550
568 193
569 317
570 40
571 269
572 364
573 141
574 244
575 195
576 511
577 83
578 288
579 383
580 415
581 1
582 443
583 33
584 339
585 559
586 504
587 102
588 223
589 528
590 238
591 337
592 31
593 578
594 391
595 546
596 67
597 167
598 240
599 87
600 573
601 312
602 261
603 400
604 85
605 159
606 344
607 373
608 197
609 488
610 104
611 269
612 115
613 239
614 600
615 257
616 572
617 548
618 538
619 357
620 35
621 482
622 477
623 84
624 108
625 336
626 616
627 9
628 233
629 464
630 442
631 174
632 354
633 333
634 249
635 119
636 101
637 596
638 205
639 460
640 390
641 595
642 604
643 242
644 473
645 636
646 365
647 568
648 572
649 299
650 139
651 450
652 369
653 522
654 522
655 97
656 450
657 371
658 260
659 338
660 298
661 616
662 445
663 42
664 308
665 660
666 318
667 128
668 361
669 74
670 4
671 85
672 33
673 566
674 602
675 290
676 438
677 645
678 95
679 85
680 59
681 363
682 117
683 289
684 216
685 361
686 589
687 367
688 110
689 495
690 29
691 368
692 159
693 59
694 102
695 471
696 417
697 189
698 122
699 649
700 365
701 297
702 320
703 302
704 30
705 230
706 116
707 397
708 276
709 195
710 316
711 456
712 27
713 283
714 6
715 297
716 213
717 209
718 483
719 329
720 639
721 319
722 705
723 231
724 92
725 209
726 61
727 258
728 409
729 77
730 150
731 628
732 731
733 383
734 557
735 248
736 212
737 35
738 501
739 168
740 515
741 22
742 355
743 582
744 364
745 254
746 185
747 414
748 607
749 693
750 73
751 293
752 418
753 458
754 601
755 619
756 36
757 40
758 142
759 603
760 103
761 580
762 691
763 50
764 303
765 315
766 395
767 56
768 178
769 671
770 98
771 3
772 490
773 539
774 398
775 76
776 519
777 524
778 570
779 101
780 272
781 23
782 369
783 235
784 234
785 589
786 120
787 18
788 278
789 179
790 766
791 345
792 274
793 329
794 680
795 104
796 764
797 282
798 151
799 289
800 112
801 799
802 414
803 113
804 551
805 765
806 730
807 410
808 533
809 734
810 416
811 638
812 218
813 286
814 279
815 220
816 805
817 288
818 208
819 524
820 809
821 11
822 620
823 212
824 14
825 489
826 14
827 221
828 613
829 624
830 41
831 51
832 327
833 59
834 107
835 341
836 398
837 6
838 612
839 678
840 663
841 294
842 630
843 235
844 665
845 716
846 72
847 581
848 172
849 502
850 93
851 697
852 131
853 626
854 352
855 61
856 412
857 566
858 793
859 602
860 189
861 217
862 458
863 628
864 240
865 242
866 400
867 32
868 505
869 620
870 752
871 347
872 175
873 803
874 425
875 6
876 625
877 30
878 82
879 175
880 154
881 504
882 458
883 522
884 551
885 473
886 647
887 418
888 86
889 461
890 840
891 552
892 692
893 592
894 813
895 408
896 591
897 362
898 49
899 578
900 487
901 657
902 651
903 692
904 502
905 698
906 434
907 311
908 20
909 81
910 256
911 363
912 507
913 199
914 479
915 88
916 133
917 145
918 161
919 836
920 535
921 268
922 687
923 805
924 189
925 125
926 213
927 108
928 692
929 312
930 731
931 261
932 42
933 52
934 225
935 6
936 99
937 58
938 527
939 473
940 368
941 775
942 7
943 616
944 906
945 41
946 113
947 496
948 880
949 267
950 578
951 290
952 576
953 424
954 71
955 2
956 120
957 696
958 826
959 940
960 76
961 246
962 884
963 87
964 350
965 18
966 172
967 510
968 675
969 646
970 330
971 308
972 135
973 565
974 202
975 290
976 533
977 165
978 144
979 930
980 638
981 847
982 426
983 305
984 630
985 962
986 781
987 861
988 739
989 488
990 36
991 341
992 685
993 971
994 287
995 746
996 330
997 537
998 321
999 888
1000 615
1001 671
1002 759
1003 554
1004 215
1005 560
1006 892
1007 502
1008 969
1009 436
1010 674
1011 804
1012 895
1013 928
1014 224
1015 800
1016 652
1017 93
1018 582
1019 479
1020 212
1021 497
1022 719
1023 562
1024 183
1025 957
1026 1008
1027 939
1028 102
1029 657
1030 85
1031 18
1032 773
1033 507
1034 620
1035 694
1036 586
1037 1027
1038 834
1039 620
1040 550
1041 843
1042 924
1043 340
1044 272
1045 724
1046 895
1047 327
1048 233
1049 425
1050 720
1051 686
1052 548
1053 364
1054 69
1055 723
1056 702
1057 927
1058 618
1059 84
1060 577
1061 505
1062 335
1063 584
1064 1023
1065 812
1066 448
1067 580
1068 60
1069 350
1070 291
1071 346
1072 432
1073 782
1074 589
1075 31
1076 708
1077 669
1078 533
1079 241
1080 852
1081 583
1082 4
1083 60
1084 1007
1085 317
1086 237
1087 305
1088 86
1089 565
1090 414
1091 973
1092 955
1093 21
1094 111
1095 54
1096 768
1097 676
1098 239
1099 22
1100 218
1101 262
1102 909
1103 1058
1104 688
1105 320
1106 919
1107 609
1108 971
1109 849
1110 435
1111 136
1112 572
1113 406
1114 559
1115 933
1116 416
1117 213
1118 22
1119 643
1120 506
1121 874
1122 520
1123 695
1124 8
1125 332
1126 531
1127 1064
1128 116
1129 187
1130 365
1131 344
1132 356
1133 267
1134 199
1135 400
1136 192
1137 150
1138 412
1139 970
1140 785
1141 451
1142 1048
1143 690
1144 141
1145 678
1146 92
1147 1075
1148 58
1149 923
1150 428
1151 542
1152 652
1153 489
1154 729
1155 1108
1156 448
1157 320
1158 833
1159 526
1160 50
1161 444
1162 28
1163 795
1164 1148
1165 709
1166 228
1167 309
1168 816
1169 80
1170 223
1171 1023
1172 29
1173 15
1174 1159
1175 670
1176 350
1177 1077
1178 1158
1179 921
1180 1113
1181 227
1182 660
1183 777
1184 139
1185 1177
1186 49
1187 572
1188 427
1189 490
1190 593
1191 948
1192 199
1193 152
1194 860
1195 1018
1196 1090
1197 771
1198 11
1199 841
1200 1126
1201 23
1202 1189
1203 427
1204 164
1205 110
1206 368
1207 1022
1208 332
1209 958
1210 110
1211 26
1212 134
1213 922
1214 316
1215 455
1216 519
1217 56
1218 481
1219 660
1220 667
1221 1043
1222 1139
1223 175
1224 551
1225 392
1226 1213
1227 310
1228 742
1229 207
1230 613
1231 183
1232 533
1233 662
1234 1226
1235 531
1236 642
1237 1193
1238 370
1239 656
1240 255
1241 933
1242 684
1243 121
1244 657
1245 871
1246 674
1247 975
1248 947
1249 218
1250 85
1251 1055
1252 586
1253 284
1254 591
1255 1155
1256 176
1257 710
1258 617
1259 193
1260 203
1261 318
1262 556
1263 978
1264 805
1265 782
1266 1208
1267 983
1268 351
1269 585
1270 557
1271 882
1272 1040
1273 916
1274 521
1275 884
1276 1019
1277 688
1278 511
1279 627
1280 153
1281 133
1282 944
1283 1219
1284 496
1285 880
1286 447
1287 806
1288 558
1289 1206
1290 582
1291 473
1292 783
1293 329
1294 192
1295 305
1296 1106
1297 997
1298 851
1299 450
1300 1213
1301 677
1302 546
1303 262
1304 170
1305 812
1306 49
1307 316
1308 389
1309 166
1310 1171
1311 1052
1312 620
1313 719
1314 1134
1315 1028
1316 1154
1317 386
1318 1179
1319 288
1320 967
1321 32
1322 826
1323 858
1324 672
1325 16
1326 207
1327 131
1328 1168
1329 835
1330 990
1331 439
1332 604
1333 809
1334 262
1335 579
1336 795
1337 497
1338 1145
1339 635
1340 455
1341 351
1342 1118
1343 445
1344 406
1345 249
1346 1250
1347 985
1348 1015
1349 414
1350 262
1351 349
1352 611
1353 377
1354 1042
1355 1218
1356 41
1357 591
1358 143
1359 998
1360 1257
1361 599
1362 265
1363 709
1364 412
1365 297
1366 1340
1367 1206
1368 1339
1369 626
1370 1231
1371 610
1372 206
1373 577
1374 92
1375 94
1376 1052
1377 76
1378 1001
1379 498
1380 154
1381 309
1382 1229
1383 1261
1384 210
1385 628
1386 411
1387 472
1388 917
1389 1119
1390 128
1391 400
1392 1153
1393 950
1394 49
1395 397
1396 1111
1397 627
1398 1318
1399 1327
1400 1355
1401 689
1402 1110
1403 46
1404 571
1405 13
1406 1330
1407 1005
1408 715
1409 510
1410 324
1411 581
1412 1194
1413 1033
1414 790
1415 1318
1416 988
1417 606
1418 975
1419 1314
1420 282
1421 612
1422 43
1423 989
1424 750
1425 300
1426 528
1427 1021
1428 433
1429 425
1430 980
1431 251
1432 676
1433 25
1434 1011
1435 326
1436 1202
1437 1329
1438 96
1439 1125
1440 728
1441 516
1442 193
1443 501
1444 125
1445 268
1446 91
1447 832
1448 762
1449 528
1450 816
1451 963
1452 1206
1453 525
1454 1438
1455 1017
1456 1246
1457 789
1458 1
1459 101
1460 21
1461 816
1462 1020
1463 823
1464 559
1465 1261
1466 1426
1467 1351
1468 532
1469 615
1470 1086
1471 136
1472 30
1473 764
1474 546
1475 182
1476 1281
1477 892
1478 1053
1479 964
1480 913
1481 1190
1482 11
1483 229
1484 1055
1485 171
1486 750
1487 310
1488 54
1489 1041
1490 1355
1491 534
1492 1478
1493 434
1494 82
1495 270
1496 1238
1497 560
1498 179
1499 398
1500 1236
1501 368
1502 625
1503 32
1504 993
1505 1157
1506 38
1507 916
1508 761
1509 333
1510 50
1511 702
1512 248
1513 1206
1514 745
1515 871
1516 1063
1517 514
1518 863
1519 1276
1520 819
1521 1202
1522 1203
1523 591
1524 1414
1525 812
1526 391
1527 160
1528 884
1529 1120
1530 389
1531 1030
1532 918
1533 1506
1534 147
1535 86
1536 698
1537 844
1538 104
1539 340
1540 404
1541 776
1542 1090
1543 1488
1544 14
1545 939
1546 402
1547 1170
1548 1302
1549 19
1550 349
1551 1133
1552 578
1553 788
1554 1009
1555 701
1556 310
1557 1382
1558 986
1559 1477
1560 699
1561 1230
1562 1433
1563 41
1564 1209
1565 8
1566 860
1567 845
1568 765
1569 1017
1570 1234
1571 1519
1572 985
1573 267
1574 985
1575 851
1576 1275
1577 931
1578 783
1579 1037
1580 1396
1581 1219
1582 1341
1583 1108
1584 293
1585 774
1586 278
1587 1574
1588 904
1589 1343
1590 1029
1591 1369
1592 1388
1593 1050
1594 418
1595 822
1596 322
1597 28
1598 1564
1599 801
1600 623
1601 1324
1602 1429
1603 49
1604 376
1605 1368
1606 146
1607 434
1608 53
1609 1405
1610 1524
1611 895
1612 1160
1613 1475
1614 591
1615 198
1616 567
1617 1469
1618 1223
1619 938
1620 895
1621 250
1622 597
1623 1139
1624 755
1625 1154
1626 697
1627 658
1628 960
1629 705
1630 426
1631 1223
1632 755
1633 1473
1634 284
1635 1330
1636 1401
1637 678
1638 655
1639 124
1640 1564
1641 1274
1642 977
1643 146
1644 1197
1645 457
1646 1407
1647 786
1648 508
1649 568
1650 115
1651 712
1652 329
1653 769
1654 632
1655 1071
1656 251
1657 398
1658 738
1659 65
1660 38
1661 411
1662 1655
1663 519
1664 193
1665 817
1666 1530
1667 193
1668 1513
1669 298
1670 1507
1671 542
1672 257
1673 567
1674 676
1675 52
1676 1214
1677 794
1678 1585
1679 446
1680 24
1681 233
1682 1679
1683 983
1684 1534
1685 1177
1686 449
1687 1213
1688 44
1689 1097
1690 1444
1691 992
1692 335
1693 198
1694 631
1695 848
1696 178
1697 578
1698 179
1699 704
1700 1351
1701 1463
1702 1373
1703 3
1704 1488
1705 954
1706 1373
1707 1025
1708 707
1709 443
1710 624
1711 883
1712 172
1713 197
1714 7
1715 1615
1716 1713
1717 748
1718 953
1719 816
1720 96
1721 1353
1722 1108
1723 1712
1724 1392
1725 1648
1726 107
1727 581
1728 1603
1729 1347
1730 98
1731 1333
1732 1207
1733 626
1734 546
1735 1339
1736 938
1737 104
1738 28
1739 199
1740 1343
1741 462
1742 1213
1743 468
1744 934
1745 1370
1746 484
1747 1221
1748 412
1749 554
1750 304
1751 501
1752 341
1753 1591
1754 912
1755 1503
1756 922
1757 1679
1758 802
1759 1068
1760 436
1761 429
1762 1186
1763 1466
1764 1395
1765 721
1766 249
1767 705
1768 1301
1769 1473
1770 425
1771 590
1772 1592
1773 1279
1774 895
1775 1263
1776 172
1777 1485
1778 1568
1779 680
1780 1700
1781 1095
1782 1236
1783 15
1784 44
1785 1105
1786 482
1787 585
1788 498
1789 578
1790 770
1791 1427
1792 1105
1793 1050
1794 246
1795 736
1796 1520
1797 1150
1798 487
1799 271
1800 156
1801 751
1802 1459
1803 689
1804 1230
1805 1386
1806 1181
1807 528
1808 533
1809 436
1810 1757
1811 1479
1812 1529
1813 1010
1814 1429
1815 1653
1816 1661
1817 1598
1818 1287
1819 1069
1820 1014
1821 175
1822 1243
1823 750
1824 1811
1825 1203
1826 1731
1827 858
1828 1337
1829 65
1830 1592
1831 945
1832 1247
1833 1191
1834 1395
1835 687
1836 1672
1837 1586
1838 1829
1839 1605
1840 1191
1841 1692
1842 903
1843 1038
1844 1203
1845 81
1846 1704
1847 1349
1848 74
1849 66
1850 1247
1851 811
1852 326
1853 440
1854 1073
1855 872
1856 114
1857 762
1858 586
1859 171
1860 1713
1861 962
1862 1482
1863 770
1864 413
1865 1611
1866 1238
1867 1438
1868 427
1869 334
1870 476
1871 1509
1872 572
1873 1627
1874 1448
1875 394
1876 955
1877 1279
1878 882
1879 697
1880 1061
1881 272
1882 1134
1883 845
1884 1647
1885 641
1886 970
1887 693
1888 143
1889 715
1890 1554
1891 969
1892 951
1893 1412
1894 1504
1895 1887
1896 1302
1897 1811
1898 922
1899 131
1900 727
1901 594
1902 1788
1903 534
1904 804
1905 567
1906 1136
1907 1025
1908 680
1909 52
1910 1251
1911 629
1912 989
1913 736
1914 1637
1915 684
1916 1322
1917 1083
1918 640
1919 1527
1920 1789
1921 1484
1922 1822
1923 748
1924 1464
1925 1337
1926 1329
1927 721
1928 1837
1929 1658
1930 1380
1931 688
1932 1273
1933 1774
1934 1085
1935 752
1936 919
1937 1508
1938 507
1939 1019
1940 1816
1941 1494
1942 1683
1943 277
1944 1229
1945 705
1946 1124
1947 471
1948 528
1949 1891
1950 897
1951 389
1952 615
1953 1869
1954 1644
1955 292
1956 1398
1957 617
1958 682
1959 820
1960 502
1961 727
1962 1730
1963 1754
1964 1325
1965 121
1966 729
1967 1534
1968 1843
1969 1506
1970 1859
1971 436
1972 294
1973 1731
1974 304
1975 1272
1976 366
1977 883
1978 353
1979 1851
1980 582
1981 369
1982 17
1983 1418
1984 1787
1985 1917
1986 1789
1987 654
1988 657
1989 704
1990 1655
1991 1239
1992 1559
1993 636
1994 1312
1995 1064
1996 63
1997 1618
1998 1319
1999 103
2000 1501
2001 396
2002 53
2003 1802
2004 567
2005 1744
2006 6
2007 990
2008 1907
2009 1620
2010 922
2011 922
2012 1988
2013 1837
2014 257
2015 1855
2016 1487
2017 1996
2018 656
2019 1094
2020 1020
2021 1320
2022 1660
2023 652
2024 1897
2025 1026
2026 778
2027 1412
2028 1274
2029 145
2030 1243
2031 1363
2032 939
2033 1480
2034 1522
2035 712
2036 252
2037 337
2038 1943
2039 1250
2040 1840
2041 410
2042 1444
2043 1609
2044 1531
2045 55
2046 1490
2047 843
2048 966
2049 1270
2050 1296
2051 541
2052 1757
2053 1421
2054 1320
2055 743
2056 566
2057 747
2058 1837
2059 1505
2060 451
2061 1009
2062 1684
2063 247
2064 1330
2065 628
2066 1163
2067 672
2068 407
2069 1472
2070 729
2071 68
2072 536
2073 1372
2074 876
2075 225
2076 1965
2077 2042
2078 1238
2079 2017
2080 523
2081 1282
2082 1551
2083 920
2084 933
2085 406
2086 350
2087 413
2088 1817
2089 320
2090 610
2091 1801
2092 1855
2093 1155
2094 60
2095 621
2096 1789
2097 812
2098 3
2099 702
2100 151
2101 2039
2102 1636
2103 215
2104 1670
2105 1652
2106 589
2107 1282
2108 1397
2109 284
2110 2094
2111 1879
2112 544
2113 1823
2114 690
2115 914
2116 1742
2117 1794
2118 1578
2119 637
2120 513
2121 563
2122 1004
2123 1096
2124 1019
2125 1548
2126 1488
2127 2010
2128 1918
2129 1320
2130 1608
2131 1436
2132 1505
2133 1374
2134 105
2135 621
2136 648
2137 2108
2138 512
2139 1558
2140 1142
2141 1199
2142 1662
2143 1901
2144 624
2145 1992
2146 1422
2147 1848
2148 381
2149 992
2150 798
2151 792
2152 496
2153 1448
2154 566
2155 822
2156 1334
2157 1742
2158 1127
2159 1582
2160 1774
2161 10
2162 1166
2163 2107
2164 1903
2165 46
2166 41
2167 2079
2168 1763
2169 146
2170 1903
2171 1121
2172 1114
2173 1423
2174 2150
2175 422
2176 574
2177 283
2178 2111
2179 1805
2180 1304
2181 1696
2182 363
2183 1545
2184 1944
2185 625
2186 1745
2187 283
2188 2111
2189 14
2190 676
2191 23
2192 1874
2193 68
2194 534
2195 249
2196 1383
2197 441
2198 1751
2199 2154
2200 2106
2201 2005
2202 315
2203 1164
2204 1647
2205 161
2206 286
2207 1693
2208 344
2209 305
2210 1604
2211 302
2212 1314
2213 550
2214 1097
2215 390
2216 1294
2217 986
2218 1727
2219 238
2220 1288
2221 1540
2222 1727
2223 1178
2224 2001
2225 194
2226 753
2227 1890
2228 1974
2229 1600
2230 822
2231 2078
2232 1802
2233 1495
2234 467
2235 2119
2236 28
2237 1777
2238 2200
2239 584
2240 295
2241 1708
2242 1430
2243 900
2244 2022
2245 158
2246 785
2247 1055
2248 1086
2249 1585
2250 804
2251 1767
2252 1248
2253 931
2254 710
2255 1447
2256 590
2257 1179
2258 831
2259 1987
2260 78
2261 201
2262 1992
2263 1332
2264 3
2265 1036
2266 654
2267 358
2268 1457
2269 1596
2270 2118
2271 1810
2272 1012
2273 2130
2274 1190
2275 428
2276 1204
2277 1831
2278 1871
2279 1961
2280 1644
2281 193
2282 1136
2283 856
2284 1925
2285 1513
2286 1580
2287 2059
2288 1884
2289 1350
2290 47
2291 382
2292 2200
2293 1338
2294 2151
2295 2002
2296 594
2297 957
2298 84
2299 1438
2300 1949
2301 1623
2302 237
2303 707
2304 967
2305 766
2306 468
2307 291
2308 2232
2309 1349
2310 1840
2311 815
2312 1828
2313 486
2314 927
2315 2140
2316 690
2317 116
2318 1813
2319 1793
2320 773
2321 65
2322 599
2323 678
2324 214
2325 1529
2326 220
2327 2081
2328 1536
2329 195
2330 1130
2331 779
2332 2100
2333 2329
2334 2148
2335 554
2336 803
2337 1478
2338 438
2339 397
2340 1827
2341 2292
2342 1370
2343 1519
2344 1718
2345 533
2346 106
2347 1884
2348 1378
2349 1350
2350 394
2351 800
2352 2312
2353 2185
2354 738
2355 44
2356 892
2357 785
2358 1308
2359 12
2360 1421
2361 1185
2362 1000
2363 472
2364 600
2365 2025
2366 2169
2367 417
2368 81
2369 2272
2370 1253
2371 769
2372 560
2373 1824
2374 975
2375 845
2376 1028
2377 1676
2378 552
2379 383
2380 775
2381 1154
2382 1990
2383 515
2384 1198
2385 1419
2386 434
2387 1969
2388 2048
2389 1017
2390 2129
2391 1554
2392 2146
2393 2390
2394 1655
2395 825
2396 714
2397 50
2398 923
2399 687
2400 846
2401 129
2402 276
2403 1726
2404 312
2405 565
2406 87
2407 1706
2408 144
2409 394
2410 333
2411 315
2412 1555
2413 79
2414 87
2415 712
2416 673
2417 689
2418 1676
2419 1366
2420 493
2421 287
2422 1367
2423 459
2424 1946
2425 2234
2426 1635
2427 148
2428 1911
2429 1906
2430 2272
2431 36
2432 1103
2433 406
2434 108
2435 25
2436 744
2437 35
2438 1028
2439 1113
2440 769
2441 1962
2442 57
2443 1607
2444 598
2445 1243
2446 295
2447 1472
2448 1751
2449 2281
2450 155
2451 2332
2452 2421
2453 2010
2454 1080
2455 2321
2456 1323
2457 968
2458 1493
2459 811
2460 649
2461 906
2462 1358
2463 2235
2464 1289
2465 1408
2466 1272
2467 931
2468 821
2469 734
2470 1947
2471 2423
2472 600
2473 962
2474 18
2475 1719
2476 1146
2477 1375
2478 1958
2479 1900
2480 2239
2481 1359
2482 1910
2483 1871
2484 1479
2485 2435
2486 723
2487 96
2488 1088
2489 72
2490 1141
2491 1093
2492 565
2493 2390
2494 1426
2495 1159
2496 994
2497 699
2498 1794
2499 1740
2500 2323
2501 1838
2502 951
2503 844
2504 2307
2505 736
2506 951
2507 2305
2508 2119
2509 2181
2510 2137
2511 987
2512 1232
2513 1689
2514 1800
2515 93
2516 751
2517 663
2518 1422
2519 1529
2520 1110
2521 2064
2522 1954
2523 1376
2524 2010
2525 1186
2526 2489
2527 1986
2528 547
2529 700
2530 1287
2531 186
2532 3
2533 1545
2534 2524
2535 2373
2536 2466
2537 1020
2538 2246
2539 47
2540 1797
2541 370
2542 1428
2543 1340
2544 131
2545 765
2546 258
2547 2114
2548 159
2549 1913
2550 1212
2551 2239
2552 1238
2553 171
2554 362
2555 2144
2556 1209
2557 895
2558 2339
2559 1887
2560 1257
2561 2382
2562 1984
2563 2042
2564 2485
2565 277
2566 1196
2567 1251
2568 589
2569 519
2570 382
2571 273
2572 489
2573 2258
2574 2097
2575 541
2576 330
2577 1002
2578 41
2579 1002
2580 1106
2581 1838
2582 2331
2583 803
2584 926
2585 1214
2586 2193
2587 2350
2588 765
2589 159
2590 1809
2591 1091
2592 854
2593 2270
2594 1491
2595 2589
2596 765
2597 883
2598 1686
2599 1198
2600 427
2601 491
2602 314
2603 217
2604 1496
2605 820
2606 1908
2607 741
2608 942
2609 1249
2610 481
2611 115
2612 2381
2613 1720
2614 799
2615 2449
2616 577
2617 2167
2618 682
2619 1478
2620 2142
2621 1315
2622 1141
2623 443
2624 812
2625 110
2626 795
2627 1246
2628 2141
2629 430
2630 1511
2631 49
2632 1821
2633 138
2634 464
2635 916
2636 657
2637 1223
2638 521
2639 1599
2640 2616
2641 2208
2642 1021
2643 2025
2644 2475
2645 1342
2646 923
2647 1065
2648 481
2649 1811
2650 684
2651 1168
2652 789
2653 107
2654 1088
2655 2181
2656 2009
2657 110
2658 2499
2659 424
2660 1485
2661 1828
2662 354
2663 2577
2664 1713
2665 1083
2666 1100
2667 2450
2668 1194
2669 1402
2670 2297
2671 2284
2672 327
2673 1851
2674 773
2675 1597
2676 666
2677 953
2678 893
2679 1410
2680 878
2681 510
2682 2503
2683 1560
2684 309
2685 757
2686 1776
2687 2609
2688 2163
2689 2482
2690 1076
2691 1893
2692 1561
2693 2581
2694 609
2695 484
2696 592
2697 1783
2698 1731
2699 883
2700 2187
2701 1550
2702 177
2703 402
2704 935
2705 2108
2706 2460
2707 1757
2708 1861
2709 1034
2710 2080
2711 908
2712 779
2713 2527
2714 1175
2715 130
2716 137
2717 311
2718 656
2719 368
2720 1910
2721 119
2722 1117
2723 57
2724 954
2725 671
2726 1882
2727 1659
2728 1008
2729 399
2730 240
2731 867
2732 1888
2733 2017
2734 2382
2735 99
2736 2331
2737 2720
2738 2510
2739 550
2740 1569
2741 1663
2742 656
2743 174
2744 1467
2745 2550
2746 1887
2747 1864
2748 1159
2749 1948
2750 2512
2751 976
2752 2684
2753 301
2754 2665
2755 37
2756 492
2757 108
2758 1570
2759 1345
2760 1337
2761 1465
2762 232
2763 1972
2764 1642
2765 1143
2766 925
2767 457
2768 1963
2769 1886
2770 1119
2771 10
2772 2220
2773 1257
2774 1516
2775 2308
2776 2718
2777 109
2778 251
2779 936
2780 222
2781 133
2782 928
2783 787
2784 119
2785 2417
2786 2298
2787 1949
2788 1033
2789 148
2790 1857
2791 2761
2792 531
2793 217
2794 2211
2795 1998
2796 432
2797 680
2798 100
2799 1889
2800 137
2801 822
2802 1839
2803 2763
2804 574
2805 129
2806 1453
2807 651
2808 258
2809 2392
2810 894
2811 405
2812 37
2813 2525
2814 2663
2815 2542
2816 2320
2817 105
2818 671
2819 2651
2820 328
2821 2140
2822 2609
2823 313
2824 2198
2825 662
2826 1280
2827 291
2828 590
2829 1229
2830 2732
2831 381
2832 133
2833 1748
2834 2488
2835 1849
2836 427
2837 2384
2838 814
2839 772
2840 1856
2841 827
2842 916
2843 1079
2844 1051
2845 235
2846 1130
2847 2655
2848 2068
2849 816
2850 91
2851 1878
2852 2103
2853 484
2854 2310
2855 748
2856 2427
2857 1767
2858 2535
2859 1234
2860 1521
2861 1569
2862 2831
2863 303
2864 1418
2865 1119
2866 2605
2867 683
2868 817
2869 2416
2870 1392
2871 57
2872 612
2873 2605
2874 118
2875 283
2876 103
2877 970
2878 1385
2879 2545
2880 976
2881 1732
2882 579
2883 1691
2884 2590
2885 1057
2886 950
2887 2142
2888 2188
2889 1462
2890 2141
2891 343
2892 687
2893 2808
2894 2576
2895 1392
2896 1519
2897 618
2898 1224
2899 2068
2900 1670
2901 720
2902 1845
2903 2785
2904 268
2905 2850
2906 1272
2907 966
2908 90
2909 1008
2910 1012
2911 2128
2912 2240
2913 1868
2914 246
2915 1543
2916 618
2917 1588
2918 2303
2919 1123
2920 2110
2921 2136
2922 1356
2923 136
2924 2228
2925 2516
2926 2395
2927 1454
2928 1347
2929 1710
2930 667
2931 2294
2932 1669
2933 1581
2934 1226
2935 874
2936 346
2937 527
2938 980
2939 896
2940 2176
2941 2710
2942 860
2943 2180
2944 1493
2945 2075
2946 634
2947 698
2948 1365
2949 1036
2950 796
2951 335
2952 2680
2953 2518
2954 2321
2955 863
2956 2405
2957 2770
2958 2339
2959 2887
2960 2658
2961 955
2962 271
2963 1233
2964 2630
2965 2145
2966 737
2967 1331
2968 326
2969 1088
2970 1632
2971 1263
2972 381
2973 2015
2974 2704
2975 390
2976 2152
2977 330
2978 1705
2979 2062
2980 671
2981 2557
2982 2198
2983 1448
2984 251
2985 2588
2986 68
2987 2204
2988 2938
2989 1056
2990 1090
2991 2238
2992 893
2993 2950
2994 2449
2995 2270
2996 2589
2997 1287
2998 695
2999 2415
3000 1491
3001 431
3002 784
3003 1923
3004 935
3005 1237
3006 205
3007 1231
3008 600
3009 2411
3010 2409
3011 2696
3012 961
3013 1824
3014 2663
3015 1668
3016 932
3017 2816
3018 3014
3019 2184
3020 403
3021 1296
3022 666
3023 341
3024 1624
3025 1201
3026 2950
3027 569
3028 2536
3029 408
3030 2825
3031 18
3032 1540
3033 172
3034 2670
3035 1667
3036 1034
3037 1461
3038 203
3039 2392
3040 1140
3041 1628
3042 718
3043 2083
3044 531
3045 1285
3046 1721
3047 2206
3048 1301
3049 300
3050 827
3051 1128
3052 2216
3053 98
3054 1780
3055 2632
3056 1316
3057 1411
3058 1756
3059 2067
3060 808
3061 1831
3062 2798
3063 3006
3064 593
3065 844
3066 1068
3067 2977
3068 2876
3069 46
3070 1550
3071 1178
3072 1485
3073 169
3074 425
3075 984
3076 2427
3077 990
3078 2170
3079 124
3080 558
3081 505
3082 141
3083 53
3084 705
3085 1862
3086 2157
3087 2218
3088 2369
3089 1808
3090 2962
3091 1358
3092 179
3093 2224
3094 2309
3095 1984
3096 946
3097 116
3098 1490
3099 385
3100 2329
3101 1728
3102 2716
3103 2638
3104 119
3105 379
3106 348
3107 1592
3108 1060
3109 1925
3110 874
3111 655
3112 474
3113 1225
3114 919
3115 2615
3116 998
3117 477
3118 2092
3119 2154
3120 2134
3121 2446
3122 2362
3123 2183
3124 79
3125 2943
3126 803
3127 2878
3128 2881
3129 2364
3130 450
3131 845
3132 1814
3133 1836
3134 567
3135 4
3136 769
3137 2809
3138 3065
3139 972
3140 2918
3141 2740
3142 1928
3143 2426
3144 2712
3145 1916
3146 387
3147 21
3148 2902
3149 1429
3150 1267
3151 1060
3152 690
3153 2685
3154 72
3155 901
3156 2271
3157 2256
3158 1754
3159 2192
3160 2636
3161 3034
3162 1136
3163 2111
3164 520
3165 2883
3166 1675
3167 1411
3168 1376
3169 158
3170 1944
3171 982
3172 578
3173 2872
3174 2809
3175 1449
3176 1
3177 502
3178 215
3179 151
3180 1346
3181 3077
3182 1453
3183 978
3184 2411
3185 1765
3186 3151
3187 3162
3188 2260
3189 3002
3190 906
3191 246
3192 1261
3193 800
3194 2895
3195 2857
3196 2448
3197 998
3198 2044
3199 2056
3200 1884
3201 2531
3202 1496
3203 67
3204 900
3205 2119
3206 2683
3207 229
3208 239
3209 1874
3210 2945
3211 2022
3212 814
3213 2026
3214 2872
3215 942
3216 421
3217 1318
3218 2906
3219 1235
3220 861
3221 1564
3222 2205
3223 443
3224 827
3225 2025
3226 1766
3227 326
3228 2529
3229 154
3230 469
3231 1976
3232 421
3233 985
3234 3035
3235 646
3236 250
3237 55
3238 1571
3239 2945
3240 451
3241 120
3242 1095
3243 759
3244 818
3245 379
3246 3063
3247 1281
3248 3192
3249 1452
3250 1840
3251 598
3252 2973
3253 862
3254 958
3255 249
3256 811
3257 2396
3258 1747
3259 2047
3260 1969
3261 1372
3262 1766
3263 848
3264 2471
3265 2858
3266 2545
3267 2735
3268 2569
3269 2
3270 2390
3271 713
3272 1840
3273 2421
3274 2555
3275 2381
3276 2998
3277 982
3278 227
3279 2140
3280 2535
3281 2554
3282 2923
3283 2507
3284 3037
3285 3166
3286 2293
3287 1388
3288 1598
3289 3032
3290 2083
3291 557
3292 1209
3293 621
3294 2623
3295 680
3296 342
3297 293
3298 186
3299 3139
3300 593
3301 828
3302 348
3303 3007
3304 1118
3305 2771
3306 3006
3307 3083
3308 1329
3309 1442
3310 1658
3311 1944
3312 13
3313 2530
3314 2164
3315 1592
3316 2327
3317 2086
3318 2846
3319 374
3320 3288
3321 1331
3322 555
3323 1346
3324 969
3325 2324
3326 2339
3327 696
3328 3021
3329 665
3330 484
3331 2178
3332 1389
3333 378
3334 1276
3335 1895
3336 3324
3337 2573
3338 1338
3339 3064
3340 2887
3341 1314
3342 3339
3343 1248
3344 2447
3345 698
3346 1605
3347 652
3348 1234
3349 1448
3350 220
3351 844
3352 1114
3353 665
3354 2279
3355 224
3356 2693
3357 2794
3358 2981
3359 2405
3360 2444
3361 932
3362 3141
3363 1049
3364 1257
3365 2381
3366 2662
3367 1612
3368 105
3369 2058
3370 2363
3371 343
3372 1319
3373 1941
3374 871
3375 1037
3376 1069
3377 2233
3378 270
3379 1829
3380 1490
3381 2422
3382 902
3383 2588
3384 3134
3385 1179
3386 2216
3387 484
3388 564
3389 3087
3390 1353
3391 1018
3392 3243
3393 3258
3394 2584
3395 3024
3396 2585
3397 2905
3398 2251
3399 46
3400 664
3401 2998
3402 2252
3403 3238
3404 782
3405 2182
3406 2796
3407 2413
3408 498
3409 643
3410 584
3411 412
3412 386
3413 3190
3414 2480
3415 1967
3416 3297
3417 1697
3418 1624
3419 919
3420 312
3421 443
3422 2492
3423 2673
3424 981
3425 3257
3426 626
3427 1214
3428 2170
3429 1379
3430 1437
3431 1293
3432 3213
3433 1956
3434 1214
3435 1970
3436 496
3437 1089
3438 2543
3439 1471
3440 1580
3441 772
3442 936
3443 360
3444 3415
3445 142
3446 1806
3447 1843
3448 417
3449 1485
3450 2735
3451 2936
3452 383
3453 153
3454 3360
3455 1340
3456 1958
3457 2021
3458 1174
3459 2800
3460 2521
3461 2849
3462 3236
3463 1084
3464 3324
3465 1814
3466 824
3467 44
3468 708
3469 949
3470 3365
3471 62
3472 3428
3473 2916
3474 1264
3475 879
3476 2126
3477 1296
3478 1539
3479 2223
3480 1626
3481 22
3482 1535
3483 436
3484 953
3485 1490
3486 3244
3487 2400
3488 2180
3489 2581
3490 613
3491 1987
3492 1247
3493 1929
3494 1742
3495 362
3496 258
3497 849
3498 717
3499 3311
3500 186
3501 1363
3502 1363
3503 2583
3504 784
3505 2009
3506 1966
3507 1195
3508 2971
3509 1715
3510 2550
3511 2763
3512 1837
3513 1843
3514 3443
3515 244
3516 936
3517 291
3518 455
3519 3336
3520 2964
3521 1706
3522 3496
3523 978
3524 1682
3525 1147
3526 2561
3527 1620
3528 184
3529 2301
3530 3167
3531 3323
3532 2090
3533 368
3534 2039
3535 1648
3536 2390
3537 1697
3538 941
3539 2027
3540 3426
3541 623
3542 1308
3543 3026
3544 3091
3545 1540
3546 3088
3547 1335
3548 1770
3549 1153
3550 2302
3551 2684
3552 306
3553 2962
3554 2676
3555 2010
3556 1137
3557 448
3558 2422
3559 1085
3560 2398
3561 3291
3562 1446
3563 1154
3564 2990
3565 520
3566 1397
3567 377
3568 236
3569 1158
3570 1664
3571 3273
3572 921
3573 2658
3574 2394
3575 2534
3576 2666
3577 56
3578 1346
3579 3349
3580 101
3581 542
3582 2755
3583 99
3584 1957
3585 2615
3586 428
3587 1256
3588 226
3589 2654
3590 2332
3591 1590
3592 282
3593 1090
3594 498
3595 783
3596 1931
3597 3367
3598 1574
3599 37
3600 2952
3601 1467
3602 1309
3603 593
3604 807
3605 3155
3606 1435
3607 1565
3608 3107
3609 3401
3610 2165
3611 624
3612 353
3613 983
3614 1335
3615 3605
3616 1425
3617 2502
3618 707
3619 1123
3620 2333
3621 1983
3622 1196
3623 651
3624 1628
3625 3585
3626 1908
3627 1243
3628 533
3629 2408
3630 579
3631 817
3632 1511
3633 505
3634 3363
3635 1120
3636 3625
3637 2166
3638 204
3639 244
3640 3425
3641 1261
3642 1297
3643 3630
3644 555
3645 341
3646 1331
3647 165
3648 3065
3649 62
3650 3196
3651 2397
3652 754
3653 2411
3654 2185
3655 2666
3656 3101
3657 3118
3658 318
3659 1940
3660 1811
3661 2959
3662 1474
3663 246
3664 2603
3665 2729
3666 3170
3667 2443
3668 337
3669 3506
3670 755
3671 3573
3672 2818
3673 1131
3674 139
3675 2863
3676 606
3677 1519
3678 1656
3679 1915
3680 1811
3681 1674
3682 3546
3683 2041
3684 2648
3685 1785
3686 967
3687 2924
3688 3367
3689 1713
3690 2493
3691 2802
3692 3033
3693 46
3694 1781
3695 2246
3696 1447
3697 2783
3698 1630
3699 3584
3700 1261
3701 777
3702 2293
3703 1601
3704 3014
3705 3073
3706 3282
3707 3186
3708 382
3709 1716
3710 2402
3711 952
3712 2982
3713 1926
3714 3551
3715 2217
3716 683
3717 1501
3718 1562
3719 3408
3720 122
3721 2320
3722 2559
3723 973
3724 903
3725 1002
3726 1971
3727 2881
3728 2537
3729 689
3730 1493
3731 1100
3732 244
3733 944
3734 2550
3735 290
3736 2538
3737 338
3738 3208
3739 48
3740 826
3741 2241
3742 2386
3743 3189
3744 1216
3745 1391
3746 2199
3747 1234
3748 3006
3749 2249
3750 2168
3751 3239
3752 2232
3753 2845
3754 326
3755 3171
3756 3025
3757 1315
3758 605
3759 1896
3760 2753
3761 2713
3762 718
3763 2158
3764 2593
3765 963
3766 300
3767 2278
3768 3146
3769 1012
3770 3009
3771 3093
3772 715
3773 3352
3774 3521
3775 3432
3776 153
3777 3641
3778 1460
3779 2917
3780 2605
3781 386
3782 572
3783 1912
3784 2961
3785 3551
3786 1706
3787 313
3788 2040
3789 2519
3790 3500
3791 1726
3792 876
3793 1684
3794 724
3795 170
3796 2551
3797 1130
3798 3350
3799 3402
3800 1921
3801 1744
3802 2413
3803 230
3804 3516
3805 3137
3806 183
3807 1023
3808 2268
3809 2978
3810 1844
3811 928
3812 2839
3813 422
3814 3180
3815 2509
3816 654
3817 83
3818 443
3819 390
3820 3445
3821 3056
3822 689
3823 1205
3824 324
3825 1972
3826 653
3827 1908
3828 3370
3829 2354
3830 1925
3831 3126
3832 1792
3833 605
3834 2201
3835 1371
3836 3474
3837 3290
3838 675
3839 772
3840 3634
3841 2813
3842 1917
3843 3378
3844 1924
3845 2516
3846 3021
3847 3145
3848 516
3849 1509
3850 162
3851 3517
3852 3276
3853 1554
3854 937
3855 1375
3856 2850
3857 206
3858 1482
3859 2376
3860 1871
3861 59
3862 40
3863 3419
3864 2708
3865 3479
3866 714
3867 2222
3868 1010
3869 371
3870 58
3871 2187
3872 3154
3873 363
3874 2381
3875 3749
3876 3256
3877 339
3878 3564
3879 3517
3880 524
3881 2881
3882 3052
3883 3816
3884 3217
3885 2838
3886 2141
3887 1172
3888 2453
3889 1237
3890 3333
3891 2475
3892 1962
3893 1713
3894 2901
3895 922
3896 1566
3897 3137
3898 2708
3899 2827
3900 3302
3901 956
3902 1998
3903 3846
3904 3861
3905 537
3906 2003
3907 1947
3908 523
3909 1210
3910 1985
3911 2522
3912 3696
3913 425
3914 667
3915 194
3916 840
3917 26
3918 2289
3919 2927
3920 457
3921 1908
3922 1020
3923 1138
3924 2779
3925 2881
3926 734
3927 1328
3928 1040
3929 499
3930 3040
3931 2506
3932 2596
3933 1397
3934 43
3935 3752
3936 288
3937 2132
3938 3398
3939 31
3940 2385
3941 3110
3942 3803
3943 816
3944 1562
3945 3569
3946 827
3947 729
3948 3678
3949 1640
3950 3081
3951 2423
3952 1382
3953 3786
3954 2445
3955 2020
3956 2823
3957 492
3958 269
3959 272
3960 422
3961 3330
3962 2576
3963 2361
3964 2634
3965 3270
3966 1590
3967 2364
3968 895
3969 456
3970 2256
3971 498
3972 2541
3973 2106
3974 56
3975 500
3976 1695
3977 3908
3978 495
3979 3349
3980 456
3981 2544
3982 2680
3983 246
3984 2458
3985 2345
3986 3841
3987 392
3988 705
3989 3297
3990 3974
3991 3859
3992 2470
3993 937
3994 929
3995 1172
3996 3208
3997 1552
3998 781
3999 1558
4000 3310
4001 1815
4002 1180
4003 1783
4004 2529
4005 1999
4006 1139
4007 1218
4008 3109
4009 2431
4010 3993
4011 2520
4012 2786
4013 1997
4014 1328
4015 1714
4016 2864
4017 2484
4018 2877
4019 3627
4020 4008
4021 286
4022 2070
4023 1644
4024 600
4025 3824
4026 3581
4027 876
4028 3393
4029 3119
4030 1849
4031 2012
4032 2479
4033 3507
4034 3436
4035 2397
4036 1287
4037 3104
4038 2731
4039 537
4040 2092
4041 3233
4042 753
4043 79
4044 376
4045 3516
4046 2973
4047 3798
4048 643
4049 698
4050 8
4051 2593
4052 2653
4053 1011
4054 3524
4055 1919
4056 839
4057 3663
4058 2294
4059 2144
4060 2428
4061 241
4062 158
4063 3983
4064 1007
4065 317
4066 1350
4067 727
4068 78
4069 2248
4070 2524
4071 298
4072 623
4073 722
4074 1303
4075 1459
4076 1780
4077 1580
4078 2877
4079 3583
4080 2834
4081 160
4082 671
4083 1560
4084 2930
4085 3063
4086 3122
4087 1453
4088 531
4089 10
4090 1016
4091 611
4092 2679
4093 204
4094 24
4095 3224
4096 1224
4097 841
4098 1339
4099 2882
4100 1466
4101 1998
4102 6
4103 4029
4104 2991
4105 2190
4106 2007
4107 3532
4108 2225
4109 2059
4110 942
4111 267
4112 868
4113 3134
4114 2099
4115 253
4116 2443
4117 1217
4118 2155
4119 1792
4120 398
4121 33
4122 1463
4123 4098
4124 2500
4125 3435
4126 1142
4127 95
4128 2183
4129 585
4130 507
4131 532
4132 3750
4133 2860
4134 3751
4135 3382
4136 2714
4137 522
4138 3276
4139 1350
4140 2032
4141 124
4142 1431
4143 2247
4144 3686
4145 1543
4146 2866
4147 1481
4148 1747
4149 3012
4150 836
4151 869
4152 3113
4153 3103
4154 2736
4155 941
4156 3473
4157 627
4158 2106
4159 3151
4160 194
4161 2512
4162 2222
4163 1944
4164 2573
4165 3465
4166 2479
4167 2979
4168 2793
4169 3786
4170 312
4171 2938
4172 428
4173 2561
4174 2935
4175 2680
4176 3814
4177 949
4178 2156
4179 837
4180 907
4181 927
4182 3801
4183 4180
4184 2884
4185 1548
4186 1697
4187 619
4188 1547
4189 3286
4190 2727
4191 233
4192 2154
4193 1534
4194 259
4195 907
4196 3709
4197 811
4198 2542
4199 2416
4200 4162
4201 823
4202 2574
4203 3725
4204 145
4205 2728
4206 3360
4207 428
4208 3891
4209 370
4210 2124
4211 1475
4212 1477
4213 1424
4214 3786
4215 1043
4216 2130
4217 497
4218 2826
4219 4098
4220 3495
4221 1384
4222 1228
4223 1624
4224 2299
4225 1876
4226 1275
4227 3236
4228 4164
4229 3835
4230 1580
4231 2833
4232 3982
4233 3788
4234 1099
4235 2470
4236 3197
4237 3743
4238 1005
4239 1437
4240 3663
4241 2998
4242 1848
4243 3253
4244 2564
4245 1360
4246 2190
4247 3331
4248 1308
4249 1873
4250 3247
4251 1014
4252 3281
4253 3653
4254 2061
4255 1284
4256 4034
4257 1946
4258 610
4259 4033
4260 2242
4261 3147
4262 1760
4263 983
4264 1517
4265 877
4266 1784
4267 3633
4268 248
4269 752
4270 2133
4271 1624
4272 1224
4273 2555
4274 536
4275 3841
4276 785
4277 211
4278 2821
4279 222
4280 3633
4281 1337
4282 1454
4283 3002
4284 146
4285 1728
4286 395
4287 2925
4288 1760
4289 3136
4290 947
4291 697
4292 2176
4293 2863
4294 3792
4295 3252
4296 1585
4297 852
4298 2452
4299 3413
4300 1336
4301 3596
4302 4094
4303 2622
4304 2140
4305 1621
4306 1173
4307 1613
4308 2977
4309 1394
4310 3707
4311 571
4312 4122
4313 451
4314 3166
4315 2788
4316 2701
4317 3945
4318 2744
4319 1649
4320 918
4321 3025
4322 926
4323 2840
4324 3285
4325 2686
4326 2725
4327 4150
4328 2753
4329 2249
4330 1841
4331 507
4332 639
4333 3214
4334 854
4335 2053
4336 3203
4337 2293
4338 259
4339 2249
4340 1137
4341 1366
4342 1739
4343 1060
4344 3386
4345 1985
4346 332
4347 3821
4348 128
4349 334
4350 3313
4351 326
4352 4088
4353 3080
4354 1216
4355 2071
4356 1366
4357 4029
4358 4333
4359 205
4360 3596
4361 3199
4362 3988
4363 1623
4364 2755
4365 3662
4366 3124
4367 2452
4368 1874
4369 1557
4370 1592
4371 3682
4372 3432
4373 2007
4374 3340
4375 2277
4376 2887
4377 1531
4378 757
4379 270
4380 1628
4381 4105
4382 965
4383 3669
4384 1530
4385 410
4386 272
4387 2455
4388 4141
4389 3878
4390 4064
4391 2864
4392 93
4393 1653
4394 1011
4395 2445
4396 4123
4397 470
4398 2160
4399 297
4400 3004
4401 44
4402 3643
4403 716
4404 1224
4405 4226
4406 2182
4407 1052
4408 74
4409 4103
4410 3725
4411 3803
4412 2002
4413 2586
4414 1451
4415 1618
4416 2995
4417 3725
4418 4349
4419 2231
4420 590
4421 2426
4422 4159
4423 770
4424 3885
4425 2783
4426 4133
4427 1444
4428 242
4429 2161
4430 491
4431 2184
4432 4254
4433 2815
4434 3482
4435 900
4436 3769
4437 2427
4438 2876
4439 4242
4440 2851
4441 2681
4442 1575
4443 2806
4444 2833
4445 1723
4446 3449
4447 884
4448 1583
4449 3728
4450 3288
4451 2291
4452 2747
4453 1293
4454 4422
4455 3765
4456 3559
4457 877
4458 476
4459 99
4460 976
4461 1673
4462 1702
4463 2088
4464 4077
4465 2259
4466 1113
4467 127
4468 356
4469 4234
4470 696
4471 399
4472 1830
4473 3535
4474 1074
4475 666
4476 432
4477 4043
4478 2572
4479 3016
4480 1631
4481 3550
4482 3720
4483 838
4484 3658
4485 2459
4486 1736
4487 969
4488 1913
4489 3776
4490 1530
4491 1943
4492 1825
4493 2978
4494 1392
4495 1210
4496 578
4497 4234
4498 1207
4499 1873
4500 3965
4501 2264
4502 2180
4503 705
4504 3612
4505 1762
4506 3396
4507 195
4508 3386
4509 951
4510 3583
4511 3143
4512 1567
4513 2095
4514 577
4515 65
4516 2367
4517 1888
4518 95
4519 4327
4520 1407
4521 1984
4522 3006
4523 3358
4524 3797
4525 2801
4526 1028
4527 3803
4528 2180
4529 3713
4530 1473
4531 1217
4532 4226
4533 3320
4534 695
4535 3958
4536 2698
4537 932
4538 1244
4539 2310
4540 1994
4541 1551
4542 2710
4543 4368
4544 3068
4545 573
4546 138
4547 636
4548 755
4549 3065
4550 4538
4551 1938
4552 856
4553 2810
4554 2266
4555 1766
4556 2284
4557 1064
4558 2887
4559 3370
4560 933
4561 3278
4562 2412
4563 2111
4564 679
4565 1422
4566 3690
4567 4092
4568 3904
4569 3191
4570 4569
4571 431
4572 3732
4573 1112
4574 191
4575 568
4576 3844
4577 1959
4578 3164
4579 4446
4580 1850
4581 736
4582 2262
4583 1528
4584 615
4585 3679
4586 993
4587 2343
4588 2387
4589 989
4590 2746
4591 4020
4592 4030
4593 1437
4594 2910
4595 515
4596 38
4597 778
4598 2331
4599 284
4600 1364
4601 3953
4602 1497
4603 3572
4604 294
4605 1579
4606 1122
4607 3283
4608 2958
4609 1487
4610 2853
4611 1138
4612 2498
4613 3017
4614 1610
4615 181
4616 3018
4617 4129
4618 2883
4619 107
4620 1321
4621 1606
4622 524
4623 3925
4624 650
4625 3042
4626 2649
4627 2669
4628 4083
4629 3999
4630 4209
4631 3159
4632 1722
4633 94
4634 1717
4635 3463
4636 295
4637 380
4638 988
4639 237
4640 1250
4641 1857
4642 1894
4643 3194
4644 352
4645 3306
4646 3301
4647 579
4648 928
4649 2215
4650 1241
4651 1917
4652 1425
4653 744
4654 3001
4655 3493
4656 1331
4657 4204
4658 2088
4659 3672
4660 714
4661 2907
4662 3196
4663 1366
4664 4040
4665 1959
4666 3799
4667 4218
4668 321
4669 1906
4670 2114
4671 138
4672 3916
4673 2210
4674 995
4675 2995
4676 2722
4677 2919
4678 2865
4679 3669
4680 2992
4681 1178
4682 2840
4683 2642
4684 2060
4685 4003
4686 414
4687 1984
4688 2301
4689 4406
4690 2632
4691 467
4692 616
4693 2220
4694 4093
4695 529
4696 2568
4697 4526
4698 1498
4699 982
4700 2823
4701 1466
4702 4595
4703 3086
4704 2967
4705 3035
4706 2329
4707 3079
4708 1207
4709 4608
4710 740
4711 4035
4712 4064
4713 2136
4714 1221
4715 1588
4716 1845
4717 497
4718 3641
4719 338
4720 959
4721 588
4722 1282
4723 520
4724 3769
4725 1812
4726 1125
4727 2040
4728 897
4729 740
4730 119
4731 1881
4732 696
4733 1295
4734 4032
4735 3508
4736 3594
4737 1978
4738 4429
4739 679
4740 725
4741 3222
4742 1955
4743 1803
4744 4159
4745 1190
4746 2347
4747 3761
4748 1521
4749 4270
4750 2726
4751 3112
4752 705
4753 2588
4754 4014
4755 616
4756 2745
4757 1407
4758 123
4759 2815
4760 2936
4761 1113
4762 4215
4763 3315
4764 1812
4765 4090
4766 886
4767 627
4768 2887
4769 893
4770 1998
4771 2648
4772 1077
4773 1515
4774 2703
4775 3815
4776 564
4777 1499
4778 1394
4779 4002
4780 4499
4781 4104
4782 4145
4783 1989
4784 2204
4785 2905
4786 3538
4787 4329
4788 1863
4789 2674
4790 3722
4791 615
4792 4218
4793 2033
4794 4320
4795 399
4796 261
4797 1133
4798 3177
4799 4361
4800 3623
4801 2489
4802 2376
4803 4192
4804 4651
4805 211
4806 3110
4807 1071
4808 1305
4809 3260
4810 3671
4811 3289
4812 2830
4813 3155
4814 2676
4815 1525
4816 2213
4817 2619
4818 628
4819 971
4820 621
4821 2056
4822 2544
4823 2478
4824 980
4825 2196
4826 1383
4827 804
4828 3982
4829 829
4830 1414
4831 3551
4832 2064
4833 2666
4834 142
4835 2064
4836 768
4837 1160
4838 2487
4839 2855
4840 2807
4841 4565
4842 2656
4843 3722
4844 4224
4845 3003
4846 4387
4847 279
4848 3545
4849 2651
4850 391
4851 79
4852 4294
4853 1522
4854 2537
4855 2945
4856 1181
4857 321
4858 936
4859 4364
4860 3207
4861 3800
4862 1881
4863 2393
4864 4857
4865 781
4866 1086
4867 4521
4868 3135
4869 766
4870 2806
4871 19
4872 4284
4873 2095
4874 4210
4875 586
4876 4211
4877 1217
4878 1350
4879 761
4880 3065
4881 1438
4882 2965
4883 1485
4884 2661
4885 1596
4886 3058
4887 3714
4888 1335
4889 4572
4890 793
4891 3799
4892 1112
4893 2257
4894 3228
4895 4326
4896 1934
4897 1423
4898 4633
4899 3096
4900 2136
4901 4709
4902 228
4903 972
4904 1812
4905 4108
4906 3308
4907 721
4908 3637
4909 1329
4910 747
4911 2866
4912 2583
4913 3881
4914 1041
4915 3568
4916 3694
4917 1875
4918 1098
4919 1796
4920 3668
4921 3710
4922 126
4923 3257
4924 3840
4925 1221
4926 3055
4927 2353
4928 2406
4929 133
4930 4603
4931 2050
4932 3188
4933 315
4934 2754
4935 3783
4936 3005
4937 2535
4938 1605
4939 3458
4940 776
4941 4366
4942 1146
4943 4352
4944 2765
4945 4806
4946 2849
4947 131
4948 1872
4949 94
4950 4850
4951 951
4952 413
4953 1998
4954 282
4955 2089
4956 1887
4957 4166
4958 3334
4959 3332
4960 1184
4961 3662
4962 4523
4963 3113
4964 134
4965 1160
4966 4890
4967 2907
4968 4150
4969 98
4970 4930
4971 3029
4972 1613
4973 3388
4974 2568
4975 927
4976 764
4977 4026
4978 2532
4979 1119
4980 794
4981 2638
4982 4256
4983 3636
4984 3134
4985 2270
4986 4504
4987 4129
4988 4854
4989 3623
4990 786
4991 1411
4992 713
4993 250
4994 2800
4995 2580
4996 1380
4997 198
4998 21
4999 2938
5000 3921
5001 2628
5002 2241
5003 1948
5004 2787
5005 1628
5006 194
5007 4905
5008 703
5009 1569
5010 2
5011 742
5012 3741
5013 3863
5014 1491
5015 3665
5016 1027
5017 296
5018 4434
5019 2470
5020 1284
5021 1513
5022 4911
5023 1893
5024 3876
5025 1217
5026 4200
5027 1275
5028 598
5029 3511
5030 4692
5031 4488
5032 3978
5033 1130
5034 3017
5035 4377
5036 2485
5037 424
5038 1335
5039 646
5040 3799
5041 2832
5042 70
5043 988
5044 4400
5045 1017
5046 911
5047 1958
5048 2441
5049 1090
5050 2871
5051 863
5052 2746
5053 3466
5054 1444
5055 2338
5056 2277
5057 2998
5058 4960
5059 929
5060 3478
