1867
2 1
3 1
4 1
5 2
6 4
7 1
8 1
9 5
10 8
11 4
12 2
13 4
14 13
15 14
16 1
17 16
18 4
19 10
20 8
21 10
22 3
23 3
24 11
25 3
26 10
27 10
28 19
29 2
30 17
31 10
32 3
33 19
34 32
35 5
36 14
37 18
38 6
39 1
40 37
41 16
42 28
43 32
44 10
45 41
46 5
47 34
48 45
49 46
50 40
51 38
52 38
53 52
54 53
55 8
56 14
57 51
58 12
59 17
60 27
61 1
62 55
63 28
64 49
65 17
66 55
67 39
68 11
69 58
70 31
71 59
72 11
73 36
74 65
75 55
76 47
77 7
78 21
79 55
80 67
81 76
82 39
83 73
84 66
85 21
86 27
87 6
88 27
89 66
90 53
91 49
92 89
93 78
94 72
95 62
96 53
97 5
98 21
99 44
100 92
101 66
102 84
103 81
104 19
105 15
106 21
107 68
108 77
109 11
110 48
111 7
112 23
113 77
114 30
115 47
116 20
117 96
118 103
119 118
120 72
121 107
122 64
123 52
124 8
125 120
126 4
127 41
128 120
129 45
130 76
131 45
132 93
133 82
134 113
135 86
136 17
137 115
138 11
139 99
140 71
141 125
142 134
143 9
144 143
145 85
146 133
147 12
148 120
149 20
150 61
151 20
152 50
153 79
154 99
155 124
156 80
157 113
158 116
159 25
160 85
161 13
162 16
163 95
164 25
165 47
166 72
167 56
168 78
169 50
170 120
171 108
172 31
173 48
174 87
175 41
176 144
177 84
178 131
179 37
180 16
181 30
182 83
183 3
184 92
185 98
186 174
187 5
188 73
189 66
190 79
191 127
192 98
193 17
194 21
195 184
196 33
197 74
198 20
199 80
200 168
201 59
202 92
203 128
204 131
205 178
206 25
207 65
208 58
209 155
210 127
211 197
212 167
213 154
214 30
215 51
216 103
217 153
218 142
219 151
220 196
221 117
222 29
223 109
224 138
225 210
226 155
227 119
228 135
229 5
230 23
231 108
232 41
233 107
234 201
235 18
236 81
237 179
238 136
239 159
240 113
241 165
242 186
243 233
244 5
245 154
246 35
247 73
248 139
249 48
250 11
251 70
252 53
253 194
254 189
255 102
256 112
257 108
258 67
259 108
260 128
261 197
262 28
263 134
264 245
265 186
266 143
267 26
268 266
269 50
270 225
271 198
272 235
273 99
274 251
275 117
276 18
277 251
278 68
279 77
280 9
281 96
282 183
283 245
284 134
285 86
286 213
287 124
288 146
289 195
290 229
291 155
292 24
293 233
294 83
295 106
296 51
297 268
298 234
299 238
300 75
301 231
302 70
303 33
304 26
305 205
306 219
307 28
308 198
309 57
310 176
311 178
312 302
313 190
314 280
315 144
316 135
317 13
318 20
319 266
320 246
321 227
322 17
323 61
324 265
325 231
326 85
327 78
328 226
329 64
330 213
331 279
332 201
333 273
334 122
335 32
336 134
337 54
338 41
339 277
340 29
341 81
342 329
343 309
344 172
345 71
346 95
347 20
348 135
349 110
350 237
351 341
352 88
353 289
354 291
355 264
356 301
357 103
358 291
359 66
360 100
361 358
362 190
363 88
364 78
365 247
366 95
367 246
368 118
369 4
370 8
371 228
372 190
373 66
374 339
375 231
376 343
377 69
378 355
379 184
380 326
381 186
382 289
383 84
384 357
385 334
386 281
387 355
388 343
389 76
390 102
391 55
392 109
393 65
394 188
395 284
396 159
397 209
398 163
399 88
400 303
401 73
402 251
403 316
404 44
405 381
406 19
407 231
408 396
409 152
410 337
411 26
412 156
413 407
414 52
415 223
416 166
417 285
418 371
419 256
420 224
421 208
422 285
423 272
424 405
425 84
426 51
427 27
428 109
429 176
430 187
431 350
432 236
433 119
434 385
435 42
436 318
437 312
438 435
439 198
440 63
441 306
442 101
443 145
444 305
445 35
446 295
447 205
448 270
449 253
450 12
451 266
452 289
453 3
454 149
455 318
456 251
457 363
458 132
459 238
460 260
461 22
462 394
463 352
464 71
465 323
466 281
467 181
468 187
469 97
470 167
471 434
472 455
473 166
474 118
475 72
476 90
477 426
478 174
479 73
480 278
481 255
482 462
483 466
484 191
485 215
486 77
487 360
488 213
489 234
490 22
491 207
492 330
493 157
494 34
495 233
496 344
497 140
498 339
499 165
500 494
501 400
502 209
503 40
504 36
505 312
506 38
507 324
508 18
509 213
510 176
511 412
512 268
513 417
514 501
515 393
516 90
517 281
518 64
519 11
520 147
521 375
522 298
523 287
524 308
525 371
526 305
527 207
528 186
529 129
530 521
531 109
532 43
533 300
534 379
535 95
536 32
537 225
538 217
539 164
540 77
541 434
542 40
543 511
544 150
545 324
546 512
547 65
548 166
549 36
550 345
551 497
552 503
553 367
554 293
555 328
556 370
557 311
558 488
559 291
560 417
561 245
562 88
563 306
564 175
565 172
566 313
567 491
568 538
569 461
570 384
571 277
572 253
573 11
574 30
575 61
576 465
577 101
578 465
579 120
580 65
581 354
582 486
583 480
584 312
585 263
586 459
587 28
588 345
589 41
590 284
591 104
592 12
593 263
594 228
595 207
596 467
597 550
598 413
599 203
600 55
601 159
602 173
603 467
604 545
605 160
606 371
607 337
608 21
609 205
610 103
611 50
612 537
613 359
614 553
615 112
616 47
617 482
618 227
619 116
620 174
621 198
622 303
623 97
624 176
625 256
626 29
627 205
628 205
629 599
630 410
631 409
632 230
633 130
634 559
635 362
636 66
637 308
638 127
639 567
640 261
641 89
642 534
643 451
644 227
645 492
646 611
647 355
648 636
649 343
650 133
651 132
652 313
653 137
654 263
655 327
656 110
657 244
658 633
659 367
660 383
661 299
662 267
663 21
664 239
665 282
666 250
667 63
668 403
669 551
670 218
671 635
672 281
673 494
674 523
675 494
676 161
677 424
678 20
679 285
680 601
681 59
682 328
683 379
684 525
685 467
686 153
687 599
688 556
689 491
690 573
691 632
692 36
693 365
694 293
695 86
696 144
697 29
698 217
699 168
700 633
701 49
702 503
703 102
704 301
705 85
706 498
707 525
708 269
709 235
710 481
711 589
712 338
713 593
714 490
715 107
716 113
717 585
718 458
719 689
720 146
721 383
722 652
723 453
724 624
725 17
726 607
727 239
728 171
729 617
730 410
731 588
732 168
733 476
734 609
735 251
736 633
737 60
738 213
739 2
740 36
741 546
742 568
743 488
744 78
745 685
746 252
747 4
748 29
749 477
750 615
751 734
752 339
753 237
754 596
755 214
756 176
757 105
758 207
759 714
760 602
761 152
762 432
763 166
764 600
765 334
766 512
767 398
768 149
769 234
770 239
771 240
772 317
773 731
774 725
775 687
776 759
777 83
778 137
779 23
780 535
781 664
782 393
783 549
784 366
785 643
786 404
787 520
788 602
789 762
790 747
791 573
792 755
793 506
794 493
795 709
796 157
797 492
798 497
799 534
800 412
801 55
802 576
803 528
804 715
805 542
806 172
807 78
808 53
809 77
810 711
811 310
812 132
813 158
814 560
815 321
816 734
817 51
818 259
819 759
820 390
821 47
822 469
823 201
824 667
825 683
826 257
827 762
828 523
829 201
830 675
831 45
832 27
833 67
834 610
835 727
836 816
837 223
838 450
839 113
840 144
841 813
842 177
843 148
844 278
845 435
846 512
847 57
848 349
849 455
850 653
851 838
852 38
853 335
854 440
855 446
856 207
857 330
858 529
859 362
860 62
861 640
862 398
863 115
864 477
865 566
866 146
867 307
868 489
869 144
870 774
871 317
872 666
873 429
874 104
875 217
876 140
877 556
878 764
879 476
880 527
881 34
882 804
883 33
884 258
885 751
886 134
887 882
888 74
889 413
890 770
891 766
892 677
893 523
894 24
895 866
896 150
897 157
898 524
899 677
900 765
901 35
902 631
903 897
904 647
905 442
906 551
907 286
908 791
909 4
910 94
911 755
912 420
913 312
914 410
915 629
916 186
917 274
918 716
919 862
920 361
921 846
922 267
923 176
924 439
925 677
926 267
927 654
928 482
929 873
930 646
931 567
932 541
933 40
934 546
935 125
936 268
937 886
938 151
939 484
940 333
941 858
942 655
943 585
944 4
945 800
946 884
947 135
948 78
949 440
950 45
951 502
952 232
953 83
954 696
955 565
956 827
957 237
958 731
959 933
960 814
961 846
962 533
963 517
964 35
965 266
966 939
967 327
968 773
969 218
970 778
971 572
972 957
973 599
974 304
975 767
976 922
977 397
978 907
979 575
980 488
981 323
982 24
983 831
984 330
985 543
986 122
987 702
988 354
989 24
990 559
991 360
992 536
993 653
994 384
995 757
996 498
997 282
998 416
999 428
1000 697
1001 345
1002 799
1003 199
1004 810
1005 657
1006 886
1007 78
1008 529
1009 399
1010 124
1011 839
1012 845
1013 37
1014 653
1015 813
1016 1014
1017 116
1018 973
1019 685
1020 126
1021 611
1022 342
1023 313
1024 1004
1025 1009
1026 279
1027 946
1028 627
1029 93
1030 1026
1031 932
1032 440
1033 481
1034 717
1035 1009
1036 701
1037 813
1038 881
1039 245
1040 750
1041 716
1042 145
1043 258
1044 1025
1045 37
1046 193
1047 185
1048 132
1049 712
1050 981
1051 600
1052 930
1053 601
1054 771
1055 97
1056 281
1057 817
1058 891
1059 280
1060 1017
1061 914
1062 645
1063 94
1064 766
1065 1001
1066 179
1067 12
1068 849
1069 793
1070 976
1071 679
1072 233
1073 1003
1074 532
1075 694
1076 318
1077 805
1078 390
1079 86
1080 152
1081 1022
1082 1042
1083 406
1084 558
1085 487
1086 1049
1087 247
1088 534
1089 479
1090 129
1091 946
1092 804
1093 147
1094 433
1095 817
1096 1024
1097 171
1098 561
1099 981
1100 772
1101 708
1102 861
1103 135
1104 543
1105 227
1106 1003
1107 112
1108 1017
1109 291
1110 773
1111 1096
1112 825
1113 974
1114 876
1115 480
1116 917
1117 780
1118 358
1119 1034
1120 1102
1121 3
1122 606
1123 990
1124 701
1125 242
1126 834
1127 422
1128 524
1129 611
1130 1059
1131 1014
1132 1061
1133 23
1134 38
1135 1127
1136 293
1137 573
1138 1045
1139 386
1140 749
1141 499
1142 84
1143 496
1144 848
1145 744
1146 401
1147 423
1148 979
1149 844
1150 903
1151 926
1152 81
1153 17
1154 371
1155 962
1156 710
1157 67
1158 1014
1159 708
1160 940
1161 249
1162 948
1163 523
1164 846
1165 1124
1166 90
1167 438
1168 1152
1169 684
1170 1077
1171 295
1172 397
1173 590
1174 1003
1175 873
1176 387
1177 514
1178 1099
1179 543
1180 263
1181 431
1182 1142
1183 640
1184 519
1185 609
1186 643
1187 592
1188 1057
1189 941
1190 969
1191 315
1192 643
1193 377
1194 202
1195 342
1196 327
1197 3
1198 629
1199 611
1200 723
1201 53
1202 305
1203 428
1204 524
1205 717
1206 645
1207 997
1208 631
1209 48
1210 559
1211 870
1212 736
1213 1182
1214 1100
1215 339
1216 464
1217 936
1218 174
1219 801
1220 352
1221 956
1222 303
1223 666
1224 747
1225 221
1226 395
1227 662
1228 111
1229 932
1230 431
1231 934
1232 453
1233 366
1234 332
1235 939
1236 711
1237 813
1238 1120
1239 414
1240 578
1241 444
1242 123
1243 1212
1244 368
1245 746
1246 356
1247 663
1248 776
1249 221
1250 1124
1251 649
1252 725
1253 439
1254 696
1255 213
1256 647
1257 870
1258 642
1259 857
1260 968
1261 76
1262 433
1263 858
1264 18
1265 62
1266 414
1267 123
1268 1003
1269 831
1270 404
1271 890
1272 35
1273 655
1274 901
1275 918
1276 1210
1277 375
1278 1195
1279 1053
1280 1262
1281 1046
1282 135
1283 622
1284 231
1285 1278
1286 109
1287 479
1288 148
1289 1261
1290 481
1291 1219
1292 1151
1293 692
1294 599
1295 787
1296 613
1297 317
1298 1163
1299 1232
1300 1225
1301 783
1302 132
1303 1246
1304 17
1305 516
1306 454
1307 184
1308 226
1309 438
1310 882
1311 936
1312 465
1313 939
1314 745
1315 93
1316 58
1317 752
1318 966
1319 25
1320 348
1321 864
1322 1269
1323 1018
1324 369
1325 820
1326 97
1327 572
1328 309
1329 158
1330 189
1331 253
1332 1155
1333 1061
1334 146
1335 465
1336 426
1337 1128
1338 740
1339 513
1340 83
1341 905
1342 1086
1343 613
1344 544
1345 343
1346 977
1347 1269
1348 874
1349 575
1350 643
1351 637
1352 308
1353 311
1354 1094
1355 547
1356 28
1357 463
1358 970
1359 412
1360 205
1361 977
1362 1360
1363 221
1364 572
1365 241
1366 591
1367 725
1368 1238
1369 594
1370 1098
1371 831
1372 1200
1373 1363
1374 1113
1375 25
1376 644
1377 1231
1378 41
1379 704
1380 1075
1381 1144
1382 594
1383 395
1384 354
1385 1006
1386 238
1387 1124
1388 203
1389 981
1390 980
1391 1149
1392 460
1393 591
1394 1143
1395 743
1396 521
1397 1274
1398 58
1399 363
1400 1222
1401 962
1402 1341
1403 665
1404 1403
1405 1366
1406 51
1407 485
1408 746
1409 1064
1410 1299
1411 563
1412 748
1413 1226
1414 204
1415 976
1416 657
1417 956
1418 805
1419 294
1420 1310
1421 674
1422 965
1423 970
1424 306
1425 680
1426 274
1427 227
1428 1073
1429 1012
1430 510
1431 834
1432 1236
1433 29
1434 1060
1435 978
1436 728
1437 830
1438 1394
1439 627
1440 448
1441 343
1442 1279
1443 649
1444 1430
1445 981
1446 1434
1447 1255
1448 67
1449 55
1450 944
1451 1250
1452 759
1453 822
1454 863
1455 1080
1456 803
1457 973
1458 851
1459 945
1460 923
1461 1139
1462 1394
1463 1376
1464 562
1465 1050
1466 106
1467 1180
1468 1049
1469 1308
1470 757
1471 1291
1472 1039
1473 221
1474 1256
1475 225
1476 511
1477 1403
1478 805
1479 1221
1480 1132
1481 1342
1482 96
1483 1147
1484 181
1485 996
1486 1317
1487 982
1488 651
1489 438
1490 1293
1491 1013
1492 1123
1493 1134
1494 265
1495 1422
1496 203
1497 651
1498 181
1499 926
1500 360
1501 1348
1502 767
1503 846
1504 487
1505 778
1506 94
1507 1314
1508 958
1509 960
1510 140
1511 25
1512 944
1513 368
1514 229
1515 244
1516 484
1517 1400
1518 611
1519 648
1520 772
1521 206
1522 1147
1523 1376
1524 363
1525 131
1526 371
1527 831
1528 1388
1529 835
1530 1057
1531 1104
1532 14
1533 117
1534 1339
1535 1392
1536 802
1537 1415
1538 1194
1539 977
1540 484
1541 322
1542 56
1543 921
1544 985
1545 874
1546 1461
1547 1431
1548 296
1549 484
1550 1193
1551 49
1552 787
1553 501
1554 740
1555 177
1556 1516
1557 22
1558 369
1559 669
1560 349
1561 1338
1562 967
1563 1441
1564 890
1565 528
1566 423
1567 1181
1568 216
1569 846
1570 751
1571 664
1572 743
1573 55
1574 108
1575 595
1576 947
1577 526
1578 731
1579 1372
1580 525
1581 1554
1582 645
1583 728
1584 1194
1585 279
1586 339
1587 395
1588 925
1589 468
1590 567
1591 280
1592 1287
1593 1033
1594 885
1595 1490
1596 1504
1597 456
1598 1495
1599 1487
1600 1243
1601 380
1602 473
1603 899
1604 416
1605 1522
1606 1483
1607 446
1608 698
1609 779
1610 1353
1611 330
1612 645
1613 684
1614 221
1615 681
1616 236
1617 408
1618 144
1619 415
1620 455
1621 500
1622 1457
1623 330
1624 389
1625 238
1626 1032
1627 20
1628 430
1629 1554
1630 1370
1631 439
1632 1166
1633 1069
1634 722
1635 1491
1636 173
1637 1536
1638 313
1639 962
1640 983
1641 296
1642 173
1643 741
1644 679
1645 321
1646 1046
1647 1225
1648 46
1649 463
1650 903
1651 873
1652 813
1653 1599
1654 1306
1655 89
1656 267
1657 888
1658 563
1659 1416
1660 119
1661 1130
1662 1340
1663 1456
1664 1357
1665 298
1666 1284
1667 689
1668 900
1669 194
1670 140
1671 992
1672 1582
1673 1126
1674 1145
1675 713
1676 821
1677 959
1678 275
1679 752
1680 420
1681 1291
1682 1283
1683 1347
1684 90
1685 799
1686 849
1687 1563
1688 232
1689 366
1690 286
1691 1269
1692 1258
1693 1597
1694 292
1695 390
1696 1226
1697 1685
1698 164
1699 1300
1700 945
1701 78
1702 504
1703 607
1704 1343
1705 1617
1706 1249
1707 1693
1708 665
1709 924
1710 1679
1711 204
1712 1379
1713 340
1714 1571
1715 1463
1716 1489
1717 580
1718 577
1719 471
1720 695
1721 1497
1722 881
1723 1176
1724 1091
1725 902
1726 343
1727 636
1728 478
1729 1453
1730 853
1731 794
1732 1654
1733 983
1734 1491
1735 500
1736 238
1737 486
1738 502
1739 92
1740 462
1741 3
1742 528
1743 1619
1744 238
1745 920
1746 502
1747 311
1748 1715
1749 143
1750 818
1751 1480
1752 1027
1753 1382
1754 1164
1755 1025
1756 1272
1757 957
1758 1188
1759 1276
1760 1413
1761 410
1762 1034
1763 1484
1764 354
1765 839
1766 538
1767 212
1768 228
1769 35
1770 106
1771 701
1772 586
1773 1026
1774 605
1775 283
1776 820
1777 1741
1778 1139
1779 347
1780 35
1781 1163
1782 640
1783 49
1784 1037
1785 1732
1786 920
1787 487
1788 66
1789 1499
1790 56
1791 1380
1792 1484
1793 146
1794 986
1795 276
1796 826
1797 1653
1798 1553
1799 1112
1800 137
1801 374
1802 438
1803 991
1804 252
1805 135
1806 1692
1807 1260
1808 1371
1809 1710
1810 1314
1811 315
1812 1638
1813 810
1814 1024
1815 384
1816 205
1817 150
1818 747
1819 715
1820 1381
1821 1674
1822 641
1823 1796
1824 1804
1825 595
1826 912
1827 68
1828 573
1829 377
1830 245
1831 1502
1832 1744
1833 462
1834 501
1835 1322
1836 985
1837 857
1838 294
1839 1159
1840 376
1841 1698
1842 761
1843 278
1844 808
1845 900
1846 1327
1847 1528
1848 741
1849 91
1850 1785
1851 539
1852 1293
1853 1447
1854 329
1855 1357
1856 397
1857 1144
1858 26
1859 1847
1860 1126
1861 1174
1862 1445
1863 1147
1864 1640
1865 1630
1866 2
1867 1118
