3
122 71
73 57 22 96 32 122 22 113 61 51 13 77 68 48 63 22 120 78 65 61 4 44 120 22 108 14 105 34 101 73 44 19 35 119 56 36 116 80 55 43 8 84 66 50 15 10 19 44 62 9 8 109 20 112 50 47 43 91 19 97 58 30 110 25 94 100 14 15 12 105 59 84 40 22 53 61 59 111 84 9 87 28 47 77 44 97 84 97 78 69 118 27 6 24 52 68 111 100 66 30 29 30 13 52 116 21 90 8 37 101 6 122 69 46 103 64 33 112 85 25 14 111 
116 118 49 116 27 22 12 104 54 13 66 58 74 60 50 30 36 76 88 83 73 42 33 4 14 81 7 102 23 13 53 39 76 19 87 84 96 88 74 89 29 110 43 96 29 34 74 45 81 28 107 32 66 26 108 119 102 80 89 103 73 102 121 101 41 115 41 35 97 18 9 
5 104
1 1 3 1 4 
3 3 5 4 4 1 4 3 3 1 3 2 4 1 4 4 3 1 3 3 5 3 3 3 2 1 2 1 1 3 2 1 2 2 2 3 2 4 3 4 2 1 1 1 2 2 5 1 5 1 2 3 5 5 2 3 2 3 4 3 2 3 5 2 3 4 3 1 4 5 2 2 2 4 5 5 2 4 4 4 2 1 4 3 3 5 5 5 4 5 2 1 4 2 4 1 3 3 5 4 4 5 3 3 
99 149
29 19 9 4 17 59 78 35 94 96 34 77 38 64 4 87 7 34 65 88 72 90 48 15 73 62 62 10 73 60 77 9 50 6 61 49 77 65 88 2 9 23 73 57 20 87 73 83 80 38 69 27 22 22 69 88 8 69 54 69 47 53 56 87 4 33 3 85 5 91 17 29 55 88 39 65 73 54 8 17 78 12 8 43 42 15 8 19 57 51 94 79 44 98 34 87 97 19 22 
5 13 59 20 11 20 20 24 54 55 42 44 1 39 3 29 64 35 16 44 12 30 44 72 4 84 83 68 94 59 3 89 25 82 57 1 20 78 97 31 99 74 96 54 69 81 41 84 77 76 51 53 69 30 94 39 20 82 10 88 2 68 65 55 21 93 27 7 63 42 73 67 86 42 30 68 61 81 21 51 62 89 38 18 12 1 66 54 5 14 48 75 17 45 80 61 90 67 93 58 16 48 45 86 85 10 3 25 62 88 22 54 28 79 92 94 59 39 73 98 22 59 84 57 82 56 60 87 83 17 52 70 7 70 86 52 46 60 30 69 8 91 4 83 13 96 54 20 4 
