3
34 79
17 31 14 14 2 3 31 17 1 16 33 5 4 17 33 8 15 2 20 33 15 26 5 22 3 14 12 22 14 13 29 27 26 20 
13 19 14 10 9 24 4 10 26 31 24 1 4 27 17 14 26 34 15 34 6 6 24 12 19 1 3 21 32 10 21 32 4 16 14 14 9 25 5 8 17 23 25 4 28 21 10 16 8 25 18 3 27 15 7 12 24 16 34 16 21 22 13 12 12 10 6 8 23 9 11 23 13 4 33 29 24 3 12 
60 7
42 35 8 31 48 15 11 24 44 3 37 8 46 26 20 8 46 58 17 18 48 18 33 39 52 24 2 38 18 30 54 13 22 55 10 23 49 25 21 56 34 40 39 59 27 57 33 59 39 46 21 35 26 38 21 38 51 19 7 35 
34 34 6 24 13 21 23 
32 65
3 22 16 6 30 19 17 22 16 18 20 31 20 1 8 10 24 32 22 17 11 8 10 28 1 17 31 9 31 10 18 26 
16 1 17 21 15 31 28 14 15 5 15 23 28 14 10 26 22 12 8 30 25 22 12 9 5 12 2 4 22 19 28 28 5 3 14 28 28 31 31 24 18 18 24 25 27 25 12 5 23 23 23 14 11 11 31 1 24 3 12 9 26 2 24 9 9 
