5
83 102
54 12 66 32 77 79 12 53 27 31 57 82 3 44 3 68 55 3 3 77 47 51 31 13 70 27 17 6 43 67 47 19 82 66 72 47 71 19 11 50 41 2 14 13 3 50 44 21 43 59 50 23 10 48 40 37 27 47 10 25 19 9 69 10 63 32 10 72 55 34 6 52 77 44 62 18 2 71 26 9 71 74 15 
5 16 57 13 40 22 21 20 64 28 44 21 51 60 58 1 58 25 80 67 27 4 36 34 12 82 14 10 69 60 77 20 8 16 48 79 2 79 28 47 79 57 23 23 5 6 32 32 9 77 61 78 41 3 10 80 64 27 27 31 82 82 83 25 54 72 70 42 23 41 77 53 2 33 76 80 77 29 60 76 59 23 76 38 77 73 83 56 9 41 22 72 73 36 31 9 22 32 81 57 14 57 
47 11
16 38 1 47 47 37 39 4 10 17 8 39 40 25 35 35 5 5 16 27 26 7 43 3 37 43 13 3 37 10 12 18 4 7 31 31 37 31 15 1 43 18 26 6 18 42 5 
2 28 20 44 2 39 39 36 5 21 47 
71 46
15 8 35 11 60 39 49 29 21 23 69 68 38 26 43 50 69 61 48 36 29 6 24 52 46 58 33 47 36 20 4 4 12 24 23 18 11 30 41 14 29 70 12 29 18 45 64 48 37 52 54 29 69 22 13 12 6 47 62 9 37 24 27 30 31 59 42 54 65 17 63 
32 29 36 55 25 44 53 24 8 29 71 43 51 53 69 60 7 11 37 25 47 32 68 54 25 20 49 17 44 14 17 10 48 16 11 61 26 55 52 38 31 4 40 15 17 50 
13 86
1 11 1 11 6 10 9 4 11 4 5 6 2 
9 10 4 9 11 3 11 2 8 8 2 9 13 10 13 1 6 11 11 12 4 12 3 9 4 2 12 10 13 8 7 4 5 9 1 13 11 1 12 13 8 3 12 4 2 11 13 9 13 4 7 6 9 5 3 10 6 10 6 10 2 7 7 10 3 6 11 13 7 1 11 12 6 12 13 3 11 2 2 5 7 8 7 4 12 3 
62 91
19 40 57 39 30 54 6 59 20 2 22 48 21 47 10 24 32 56 29 22 2 36 20 12 54 7 10 29 37 54 2 33 1 4 9 16 38 30 36 31 49 25 28 42 6 7 41 15 50 31 10 24 25 57 62 49 30 40 10 2 3 50 
11 32 3 16 2 18 50 12 10 27 57 20 56 15 60 31 24 33 42 17 47 61 16 38 3 33 60 55 59 54 52 41 38 13 13 7 62 22 15 35 52 11 41 7 36 49 38 46 12 33 55 35 5 22 10 60 34 39 40 57 41 14 46 9 47 19 24 37 16 28 29 2 23 31 4 4 31 24 28 32 1 35 11 30 5 15 58 12 13 41 60 
