4
31 104
24 29 4 3 17 23 15 8 12 8 31 9 12 9 3 29 14 24 3 22 2 9 15 20 3 31 3 16 15 22 26 
10 26 27 16 25 21 4 12 4 15 16 2 20 31 1 27 14 24 5 10 19 16 19 20 31 17 21 15 12 3 7 17 5 2 19 12 29 27 21 29 12 11 29 26 17 27 15 17 10 23 1 23 31 17 4 21 29 27 2 15 18 5 21 14 12 14 4 7 20 6 7 3 26 27 15 4 16 1 31 31 29 2 1 1 23 18 2 30 17 30 18 24 7 5 30 30 12 15 31 3 29 8 1 6 
97 60
41 63 70 9 58 52 31 28 38 33 59 56 46 27 83 72 13 65 46 91 95 19 26 8 72 75 75 74 31 69 25 37 76 6 79 5 8 53 74 72 92 93 59 14 12 96 7 78 65 75 47 16 83 82 79 17 2 80 58 42 78 52 68 76 80 89 42 79 48 40 58 58 27 18 71 85 91 10 68 69 47 67 28 18 85 38 12 58 16 4 71 3 38 51 47 36 45 
18 53 11 9 23 26 54 3 66 2 31 81 28 67 96 43 42 94 86 27 55 80 88 23 79 16 39 58 75 15 46 28 48 46 78 20 12 77 41 34 55 8 97 60 97 4 26 24 16 6 83 70 13 4 90 44 53 7 76 53 
17 138
12 12 8 2 10 13 7 9 2 13 17 6 7 14 2 6 8 
16 1 11 13 12 13 5 14 3 9 12 3 10 7 13 8 11 4 11 3 10 3 10 5 4 13 12 12 12 4 12 7 13 13 5 6 4 14 16 9 10 17 6 1 1 14 16 9 12 6 2 2 8 2 12 8 16 17 15 15 4 11 7 17 9 3 2 13 10 5 12 15 16 3 3 2 15 4 5 5 11 16 8 6 17 10 7 3 5 15 15 11 3 3 5 6 8 15 14 16 4 8 7 6 1 11 8 13 13 14 11 8 17 1 16 16 2 7 8 1 15 17 16 15 11 3 16 9 9 4 8 11 8 3 7 15 8 15 
9 122
9 6 6 4 5 3 1 8 5 
5 1 1 3 1 5 8 5 3 7 2 1 7 1 7 5 9 9 1 5 2 4 8 5 4 1 3 6 9 6 9 1 5 2 2 6 5 7 5 9 2 2 3 8 6 1 2 3 4 6 3 5 4 6 2 6 3 4 4 8 7 1 8 6 8 3 5 1 8 5 1 6 4 3 3 4 7 6 4 3 5 1 4 6 7 8 2 3 5 6 9 8 7 2 9 8 8 4 1 5 1 9 9 3 1 8 3 9 3 6 1 1 4 9 1 4 6 1 9 1 6 9 
