4
129 53
41 52 61 129 73 59 69 125 37 116 29 20 89 121 86 102 1 36 30 117 29 125 42 29 1 58 5 89 126 103 43 4 16 129 95 105 58 19 98 50 75 79 97 110 11 100 79 80 113 35 6 19 126 106 6 78 76 62 74 110 102 109 63 109 55 99 34 60 81 119 72 24 19 103 14 70 26 56 48 109 32 122 129 48 57 67 43 36 107 53 27 73 43 87 29 113 91 5 22 121 91 6 122 116 6 93 76 93 78 95 117 61 28 11 53 102 17 31 31 108 129 13 123 64 124 86 51 38 106 
64 40 127 122 60 124 90 9 127 112 65 17 116 22 105 42 96 28 93 34 60 34 125 98 50 99 120 78 107 94 116 63 47 32 31 26 117 80 123 39 95 121 76 121 42 115 41 19 18 57 34 76 102 
10 4
4 2 10 4 3 3 2 8 10 1 
2 3 6 9 
145 139
123 81 55 121 50 31 30 116 62 128 77 77 96 73 7 76 112 113 35 103 21 75 134 63 69 89 74 24 20 77 53 103 6 110 125 104 46 84 82 78 48 33 92 126 133 48 46 76 110 30 124 113 33 52 77 105 90 28 131 77 140 9 59 125 41 35 131 139 143 30 3 100 8 70 117 117 63 38 112 21 17 126 75 52 52 114 77 57 82 137 135 138 19 42 77 51 71 128 33 76 35 28 87 134 79 136 50 43 75 53 22 89 70 58 114 7 86 139 74 140 135 33 125 135 49 70 118 124 125 71 109 81 65 84 14 3 53 117 2 79 52 64 89 73 114 
144 36 9 83 97 87 18 27 132 52 95 10 101 35 88 125 81 124 9 76 129 122 108 37 135 133 24 19 65 72 32 56 133 50 13 57 130 41 21 139 114 53 94 84 143 78 43 28 91 45 65 26 89 20 66 77 43 103 103 22 137 65 21 98 22 133 124 59 116 30 88 142 100 6 2 70 135 36 54 89 59 104 69 27 56 72 30 13 53 139 14 92 128 16 85 90 8 107 21 118 138 1 112 34 95 72 138 138 110 65 107 87 26 94 107 108 60 6 1 122 138 59 6 118 44 131 71 102 28 100 16 31 40 21 46 76 92 15 108 
11 20
9 1 1 9 10 5 2 11 16 18 14
12 18 17 3 13 9 3 20 16 10 20 12 11 11 9 16 9 12 8 19
