10
10 4 6698 8335 3202 4423 3315 1066 418 9050 8452 1676
10 6 6264 7407 3669 3310 9079 3016 1956 8286 1300 3628
10 1 7552 3067 7626 9190 8878 4140 4039 3750 1812 1034
10 6 3197 847 3697 497 8929 9687 1763 3171 2575 5258
10 5 94 6757 1877 1735 4476 8097 6691 2722 9095 8418
10 5 1154 7984 8945 6986 6122 1182 8221 943 2842 314
10 5 707 3610 7412 2488 3968 551 8974 8207 9796 8824
10 6 5874 7898 5058 2354 5806 6951 4547 3438 2789 9803
10 6 9123 4041 6493 3084 4403 4340 2735 4725 2181 1381
10 4 1994 3286 8803 2085 784 7553 7593 9136 167 7566
